2010	1	1	-3	0	
2010	1	2	-2.9	0	
2010	1	3	-2.1	-2.5	
2010	1	4	-1.6	-2.6	
2010	1	5	-2.8	-2.5	
2010	1	6	-3.5	-2.6	
2010	1	7	-2.6	-2.9	
2010	1	8	-2.7	-2.7	
2010	1	9	-2.8	-2.4	
2010	1	10	-2.1	-2.4	
2010	1	11	-1.9	-2.4	
2010	1	12	-2.7	-2.5	
2010	1	13	-2.7	-2.7	
2010	1	14	-3.1	-2.8	
2010	1	15	-3.1	-2.6	
2010	1	16	-2.3	-2.3	
2010	1	17	-1.8	-1.6	
2010	1	18	-1	-0.8	
2010	1	19	0.4	-0.3	
2010	1	20	0.5	-0.3	
2010	1	21	0.6	-0.6	
2010	1	22	-1.9	-1.4	
2010	1	23	-2.5	-2	
2010	1	24	-3.5	-2.5	
2010	1	25	-2.7	-2.3	
2010	1	26	-1.9	-1.9	
2010	1	27	-0.8	-1.4	
2010	1	28	-0.6	-1	
2010	1	29	-1.1	-0.7	
2010	1	30	-0.8	-0.7	
2010	1	31	-0.4	-0.8	
2010	2	1	-0.6	-1	
2010	2	2	-1.3	-1.2	
2010	2	3	-1.9	-1.3	
2010	2	4	-1.9	-1.2	
2010	2	5	-0.6	-0.8	
2010	2	6	-0.5	-0.2	
2010	2	7	0.8	0.3	
2010	2	8	1.1	0.5	
2010	2	9	0.5	0.8	
2010	2	10	0.5	0.6	
2010	2	11	1	0.2	
2010	2	12	0	0.3	
2010	2	13	-0.9	0.5	
2010	2	14	1.1	0.5	
2010	2	15	1.2	0.5	
2010	2	16	0.9	0.8	
2010	2	17	0.1	0.8	
2010	2	18	0.5	1	
2010	2	19	1.4	1.3	
2010	2	20	1.9	2	
2010	2	21	2.7	2.8	
2010	2	22	3.4	3.1	
2010	2	23	4.6	3.4	
2010	2	24	2.7	3.7	
2010	2	25	3.8	3.7	
2010	2	26	4	3.5	
2010	2	27	3.3	4	
2010	2	28	3.8	4	
2010	3	1	4.9	3.8	
2010	3	2	4.1	3.7	
2010	3	3	3.1	3.5	
2010	3	4	2.8	3.1	
2010	3	5	2.7	2.7	
2010	3	6	2.9	2.5	
2010	3	7	2.1	2.6	
2010	3	8	2.2	3.2	
2010	3	9	3.2	3.8	
2010	3	10	5.8	4.4	
2010	3	11	5.9	4.9	
2010	3	12	4.7	5.2	
2010	3	13	4.8	5.2	
2010	3	14	4.8	5.5	
2010	3	15	5.9	6.1	
2010	3	16	7.4	6.6	
2010	3	17	7.5	7.1	
2010	3	18	7.3	7.5	
2010	3	19	7.5	7.7	
2010	3	20	7.6	8.1	
2010	3	21	8.7	8.5	
2010	3	22	9.5	8.6	
2010	3	23	9.2	8.6	
2010	3	24	7.9	8.2	
2010	3	25	7.5	7.7	
2010	3	26	6.9	7.5	
2010	3	27	7.2	7.3	
2010	3	28	7.9	7.2	
2010	3	29	6.8	7.5	
2010	3	30	7.4	7.9	
2010	3	31	8.2	8.3	
2010	4	1	9	8.7	
2010	4	2	10	9.1	
2010	4	3	9	9.6	
2010	4	4	9.5	10.1	
2010	4	5	10.3	10.3	
2010	4	6	11.6	10.8	
2010	4	7	11.2	11.4	
2010	4	8	11.4	12	
2010	4	9	12.3	12.4	
2010	4	10	13.3	12.8	
2010	4	11	13.6	13.1	
2010	4	12	13.3	13	
2010	4	13	13	12.9	
2010	4	14	11.7	12.8	
2010	4	15	12.8	12.7	
2010	4	16	13.2	12.9	
2010	4	17	12.8	13.6	
2010	4	18	13.8	13.9	
2010	4	19	15.3	14	
2010	4	20	14.5	14.4	
2010	4	21	13.8	14.4	
2010	4	22	14.6	13.9	
2010	4	23	14	13.5	
2010	4	24	12.6	13.3	
2010	4	25	12.5	12.9	
2010	4	26	12.6	12.7	
2010	4	27	12.8	13.1	
2010	4	28	13.1	13.6	
2010	4	29	14.3	14.5	
2010	4	30	15.4	15.4	
2010	5	1	16.7	16.3	
2010	5	2	17.5	16.9	
2010	5	3	17.7	17.5	
2010	5	4	17.4	18	
2010	5	5	18	17.9	
2010	5	6	19.2	17.8	
2010	5	7	17.3	17.9	
2010	5	8	16.9	17.8	
2010	5	9	18.2	17.3	
2010	5	10	17.4	17.2	
2010	5	11	16.8	17.1	
2010	5	12	16.7	16.9	
2010	5	13	16.4	17.1	
2010	5	14	17.1	17.3	
2010	5	15	18.3	17.5	
2010	5	16	18	17.8	
2010	5	17	17.5	17.8	
2010	5	18	17.9	17.7	
2010	5	19	17.1	17.9	
2010	5	20	18	18.3	
2010	5	21	19	18.6	
2010	5	22	19.6	19	
2010	5	23	19.4	19.4	
2010	5	24	19.2	19.5	
2010	5	25	19.6	19.7	
2010	5	26	19.8	20	
2010	5	27	20.3	20.3	
2010	5	28	21	20.7	
2010	5	29	20.8	20.8	
2010	5	30	21.4	20.9	
2010	5	31	20.5	20.9	
2010	6	1	20.6	21.2	
2010	6	2	21.1	21.3	
2010	6	3	22.3	21.6	
2010	6	4	22.2	21.9	
2010	6	5	22	22.2	
2010	6	6	22.1	22.1	
2010	6	7	22.2	22.1	
2010	6	8	22.2	22.3	
2010	6	9	22.2	22.4	
2010	6	10	22.8	22.5	
2010	6	11	22.6	22.5	
2010	6	12	22.9	22.5	
2010	6	13	21.9	22.4	
2010	6	14	22.4	22.3	
2010	6	15	22.3	22.3	
2010	6	16	22.2	22.6	
2010	6	17	22.9	22.7	
2010	6	18	23	22.9	
2010	6	19	23.2	23.1	
2010	6	20	23.3	23.2	
2010	6	21	23.3	23.3	
2010	6	22	23.2	23.2	
2010	6	23	23.4	23.1	
2010	6	24	22.9	23.2	
2010	6	25	22.6	23.3	
2010	6	26	23.7	23.3	
2010	6	27	23.8	23.5	
2010	6	28	23.4	23.7	
2010	6	29	24.2	23.9	
2010	6	30	23.6	23.9	
2010	7	1	24.3	24	
2010	7	2	24.2	24	
2010	7	3	23.9	24.2	
2010	7	4	23.9	24.2	
2010	7	5	24.6	24.3	
2010	7	6	24.3	24.5	
2010	7	7	24.9	24.8	
2010	7	8	24.8	24.9	
2010	7	9	25.6	24.9	
2010	7	10	24.8	24.8	
2010	7	11	24.5	24.7	
2010	7	12	24.3	24.6	
2010	7	13	24.4	24.7	
2010	7	14	25.1	24.9	
2010	7	15	25.2	24.9	
2010	7	16	25.3	24.8	
2010	7	17	24.3	24.8	
2010	7	18	24.2	24.7	
2010	7	19	25.1	24.8	
2010	7	20	24.6	25.1	
2010	7	21	25.7	25.4	
2010	7	22	25.8	25.5	
2010	7	23	26	25.7	
2010	7	24	25.5	25.8	
2010	7	25	25.6	25.8	
2010	7	26	26	25.9	
2010	7	27	26.1	26	
2010	7	28	26.2	26.2	
2010	7	29	26.2	26.4	
2010	7	30	26.5	26.6	
2010	7	31	26.9	26.8	
2010	8	1	27.2	27.1	
2010	8	2	27.3	27.2	
2010	8	3	27.5	27.4	
2010	8	4	27.2	27.5	
2010	8	5	27.7	27.5	
2010	8	6	27.7	27.2	
2010	8	7	27.2	27.2	
2010	8	8	26.2	27.2	
2010	8	9	27.3	27.1	
2010	8	10	27.7	27	
2010	8	11	27.2	26.8	
2010	8	12	26.5	26.7	
2010	8	13	25.5	26.5	
2010	8	14	26.4	26.4	
2010	8	15	26.7	26.3	
2010	8	16	26.7	26.5	
2010	8	17	26.4	26.4	
2010	8	18	26.3	26.1	
2010	8	19	25.8	25.9	
2010	8	20	25.2	25.8	
2010	8	21	25.6	25.6	
2010	8	22	26.2	25.5	
2010	8	23	25.3	25.5	
2010	8	24	25.4	25.3	
2010	8	25	25	25	
2010	8	26	24.5	24.9	
2010	8	27	25	24.9	
2010	8	28	24.8	24.8	
2010	8	29	25.2	24.8	
2010	8	30	24.5	24.7	
2010	8	31	24.4	24.5	
2010	9	1	24.4	24.2	
2010	9	2	24	24.2	
2010	9	3	23.8	24.2	
2010	9	4	24.4	24	
2010	9	5	24.3	23.8	
2010	9	6	23.7	23.7	
2010	9	7	22.9	23.6	
2010	9	8	23.3	23.2	
2010	9	9	23.7	23	
2010	9	10	22.4	22.9	
2010	9	11	22.9	22.7	
2010	9	12	22.3	22.4	
2010	9	13	22.2	22.4	
2010	9	14	22.2	22.3	
2010	9	15	22.2	22.3	
2010	9	16	22.5	22.5	
2010	9	17	22.6	22.5	
2010	9	18	22.9	22.4	
2010	9	19	22.4	22.2	
2010	9	20	21.6	21.7	
2010	9	21	21.5	21	
2010	9	22	20.2	20.6	
2010	9	23	19.5	20.4	
2010	9	24	20.2	20.1	
2010	9	25	20.5	20.2	
2010	9	26	20.3	20.3	
2010	9	27	20.4	20.2	
2010	9	28	20.3	20	
2010	9	29	19.5	19.7	
2010	9	30	19.4	19.3	
2010	10	1	18.9	18.9	
2010	10	2	18.6	18.5	
2010	10	3	17.9	18.1	
2010	10	4	17.6	17.8	
2010	10	5	17.3	17.7	
2010	10	6	17.6	17.7	
2010	10	7	18.2	17.6	
2010	10	8	17.6	17.6	
2010	10	9	17.2	17.6	
2010	10	10	17.4	17.5	
2010	10	11	17.7	17.3	
2010	10	12	17.4	17	
2010	10	13	16.6	16.6	
2010	10	14	16	16.1	
2010	10	15	15.4	15.9	
2010	10	16	15.3	15.7	
2010	10	17	16.2	15.7	
2010	10	18	15.7	15.7	
2010	10	19	16	15.6	
2010	10	20	15.3	15.2	
2010	10	21	14.6	14.8	
2010	10	22	14.6	14.2	
2010	10	23	13.6	13.9	
2010	10	24	12.9	13.7	
2010	10	25	13.8	13.3	
2010	10	26	13.6	13	
2010	10	27	12.7	12.8	
2010	10	28	12.2	12.3	
2010	10	29	11.5	12	
2010	10	30	11.5	12.1	
2010	10	31	12.1	12	
2010	11	1	13.1	11.6	
2010	11	2	11.6	11.3	
2010	11	3	9.8	11	
2010	11	4	10.1	10.7	
2010	11	5	10.5	10.6	
2010	11	6	11.4	10.8	
2010	11	7	11.1	10.9	
2010	11	8	10.8	10.9	
2010	11	9	10.6	10.8	
2010	11	10	10.7	10.6	
2010	11	11	10.6	10	
2010	11	12	10.2	9.4	
2010	11	13	7.8	8.7	
2010	11	14	7.7	7.6	
2010	11	15	7	6.4	
2010	11	16	5.3	5.8	
2010	11	17	4.4	5.1	
2010	11	18	4.8	4.6	
2010	11	19	3.8	4.7	
2010	11	20	4.7	4.9	
2010	11	21	5.6	4.9	
2010	11	22	5.4	5.5	
2010	11	23	4.9	6.1	
2010	11	24	7.1	6.3	
2010	11	25	7.6	6.3	
2010	11	26	6.3	6.3	
2010	11	27	5.6	6.1	
2010	11	28	5.1	5.6	
2010	11	29	5.8	5.2	
2010	11	30	5.3	5.2	
2010	12	1	4.3	5.1	
2010	12	2	5.3	4.6	
2010	12	3	4.8	4.1	
2010	12	4	3.2	3.5	
2010	12	5	2.9	2.6	
2010	12	6	1.5	1.8	
2010	12	7	0.8	1.6	
2010	12	8	0.7	1.4	
2010	12	9	2.1	1.5	
2010	12	10	1.7	1.7	
2010	12	11	2.3	1.9	
2010	12	12	1.7	1.5	
2010	12	13	1.7	1.1	
2010	12	14	0.3	0.5	
2010	12	15	-0.5	0.2	
2010	12	16	-0.5	-0.3	
2010	12	17	-0.2	-0.8	
2010	12	18	-0.6	-0.8	
2010	12	19	-2	-0.7	
2010	12	20	-0.5	-0.6	
2010	12	21	0	-0.3	
2010	12	22	0.1	0.3	
2010	12	23	0.8	0.3	
2010	12	24	0.9	0.3	
2010	12	25	-0.1	-0.3	
2010	12	26	-0.3	-1	
2010	12	27	-2.8	-1.7	
2010	12	28	-2.8	-2.1	
2010	12	29	-2.3	-2.7	
2010	12	30	-2.4	-2.2	
2010	12	31	-3.3	-1.9	
2020	1	1	-0.3	-1.6	
2020	1	2	-1.1	-1.6	
2020	1	3	-1.1	-1.7	
2020	1	4	-2.1	-2.2	
2020	1	5	-3.8	-2.1	
2020	1	6	-2.9	-2	
2020	1	7	-0.6	-2.2	
2020	1	8	-0.7	-2.2	
2020	1	9	-3.2	-2.1	
2020	1	10	-3.5	-2.3	
2020	1	11	-2.6	-2.6	
2020	1	12	-1.7	-2.4	
2020	1	13	-2.1	-1.8	
2020	1	14	-1.9	-1.1	
2020	1	15	-0.8	-0.5	
2020	1	16	1.1	0.2	
2020	1	17	1.4	0.8	
2020	1	18	1.1	1	
2020	1	19	1.3	0.4	
2020	1	20	-0.1	-0.4	
2020	1	21	-1.7	-1.2	
2020	1	22	-2.8	-2	
2020	1	23	-2.9	-2.3	
2020	1	24	-2.7	-2.1	
2020	1	25	-1.5	-1.6	
2020	1	26	-0.8	-1.3	
2020	1	27	-0.1	-1.2	
2020	1	28	-1.2	-1.3	
2020	1	29	-2.4	-1.7	
2020	1	30	-2.2	-2.4	
2020	1	31	-2.8	-2.7	
2020	2	1	-3.5	-2.5	
2020	2	2	-2.5	-2.3	
2020	2	3	-1.7	-1.8	
2020	2	4	-0.8	-1.1	
2020	2	5	-0.4	-0.7	
2020	2	6	-0.3	-0.6	
2020	2	7	-0.3	-0.6	
2020	2	8	-1	-0.8	
2020	2	9	-1	-0.8	
2020	2	10	-1.3	-0.7	
2020	2	11	-0.4	-0.4	
2020	2	12	0.4	0	
2020	2	13	0.4	0.5	
2020	2	14	1	0.7	
2020	2	15	1	0.6	
2020	2	16	0.6	0.7	
2020	2	17	0.2	0.7	
2020	2	18	0.6	0.8	
2020	2	19	1	1.2	
2020	2	20	1.5	1.7	
2020	2	21	2.7	2	
2020	2	22	2.6	2.3	
2020	2	23	2.3	2.5	
2020	2	24	2.4	2.7	
2020	2	25	2.4	3	
2020	2	26	3.7	3.5	
2020	2	27	4.2	3.9	
2020	2	28	4.7	4.1	
2020	3	1	4.3	4.3	
2020	3	2	3.7	4.4	
2020	3	3	4.4	4.3	
2020	3	4	4.9	4.2	
2020	3	5	4	4.2	
2020	3	6	4.2	4.1	
2020	3	7	3.5	3.7	
2020	3	8	3.7	3.5	
2020	3	9	2.9	3.4	
2020	3	10	3.4	3.4	
2020	3	11	3.7	3.4	
2020	3	12	3.4	3.7	
2020	3	13	3.6	3.9	
2020	3	14	4.5	4.4	
2020	3	15	4.1	5.1	
2020	3	16	6.4	5.7	
2020	3	17	7	6.2	
2020	3	18	6.7	6.9	
2020	3	19	6.6	7.2	
2020	3	20	7.8	7.3	
2020	3	21	8	7.3	
2020	3	22	7.5	7.3	
2020	3	23	6.8	7	
2020	3	24	6.6	6.7	
2020	3	25	6.3	6.6	
2020	3	26	6.5	6.8	
2020	3	27	7	6.8	
2020	3	28	7.5	7.1	
2020	3	29	6.8	7.5	
2020	3	30	7.8	7.8	
2020	3	31	8.3	8.3	
2020	4	1	8.7	9.2	
2020	4	2	10.1	9.7	
2020	4	3	11	10.2	
2020	4	4	10.6	10.7	
2020	4	5	10.5	11.1	
2020	4	6	11.3	11.4	
2020	4	7	12.1	11.7	
2020	4	8	12.3	11.9	
2020	4	9	12.4	11.8	
2020	4	10	11.4	11.4	
2020	4	11	10.7	11.4	
2020	4	12	10	11.6	
2020	4	13	12.5	12	
2020	4	14	13.3	12.5	
2020	4	15	13.3	13.4	
2020	4	16	13.5	13.7	
2020	4	17	14.6	14.1	
2020	4	18	13.7	14.5	
2020	4	19	15.3	14.8	
2020	4	20	15.4	14.7	
2020	4	21	15.1	14.5	
2020	4	22	13.9	14.2	
2020	4	23	12.7	13.5	
2020	4	24	13.7	13.1	
2020	4	25	12.1	13.2	
2020	4	26	13.1	13.6	
2020	4	27	14.5	13.7	
2020	4	28	14.6	14.4	
2020	4	29	14.4	15.2	
2020	4	30	15.6	15.8	
2020	5	1	16.7	16.2	
2020	5	2	17.5	16.9	
2020	5	3	17	17.2	
2020	5	4	17.6	17.6	
2020	5	5	17.1	17.8	
2020	5	6	18.6	17.8	
2020	5	7	18.6	17.7	
2020	5	8	17.2	17.8	
2020	5	9	17.1	17.5	
2020	5	10	17.3	17.2	
2020	5	11	17.2	17.1	
2020	5	12	17	17.1	
2020	5	13	17.1	17.2	
2020	5	14	17.1	17.4	
2020	5	15	17.6	17.6	
2020	5	16	18.2	18	
2020	5	17	18.2	18.1	
2020	5	18	19	18	
2020	5	19	17.4	17.8	
2020	5	20	17.2	17.6	
2020	5	21	17	17.5	
2020	5	22	17.4	18	
2020	5	23	18.6	18.6	
2020	5	24	20	19.3	
2020	5	25	20.1	20.1	
2020	5	26	20.5	20.7	
2020	5	27	21.1	21	
2020	5	28	21.7	21.3	
2020	5	29	21.4	21.7	
2020	5	30	21.9	22	
2020	5	31	22.3	22.3	
2020	6	1	22.6	22.6	
2020	6	2	23.2	22.7	
2020	6	3	22.8	22.6	
2020	6	4	22.4	22.4	
2020	6	5	21.8	22.3	
2020	6	6	21.7	22.5	
2020	6	7	22.6	22.8	
2020	6	8	23.9	23.2	
2020	6	9	24.2	23.3	
2020	6	10	23.4	23.1	
2020	6	11	22.3	22.9	
2020	6	12	21.7	22.6	
2020	6	13	22.9	22.4	
2020	6	14	22.6	22.4	
2020	6	15	22.5	22.5	
2020	6	16	22.3	22.5	
2020	6	17	22.2	22.5	
2020	6	18	22.7	22.3	
2020	6	19	22.9	22.3	
2020	6	20	21.5	22.5	
2020	6	21	22.2	22.6	
2020	6	22	23.1	22.7	
2020	6	23	23.1	23.1	
2020	6	24	23.5	23.4	
2020	6	25	23.7	23.4	
2020	6	26	23.8	23.7	
2020	6	27	22.9	23.9	
2020	6	28	24.6	23.8	
2020	6	29	24.4	23.7	
2020	6	30	23.1	24.2	
2020	7	1	23.7	24.2	
2020	7	2	25.1	24.2	
2020	7	3	24.5	24.5	
2020	7	4	24.8	24.5	
2020	7	5	24.3	24.3	
2020	7	6	23.6	24.2	
2020	7	7	24.1	23.9	
2020	7	8	24.2	23.7	
2020	7	9	23.3	23.7	
2020	7	10	23.2	23.7	
2020	7	11	23.7	23.7	
2020	7	12	24	23.9	
2020	7	13	24.4	24.3	
2020	7	14	24.2	24.8	
2020	7	15	25.3	25.1	
2020	7	16	25.9	25.4	
2020	7	17	25.7	25.7	
2020	7	18	25.7	26	
2020	7	19	26	26.3	
2020	7	20	26.7	26.5	
2020	7	21	27.2	26.6	
2020	7	22	26.8	26.7	
2020	7	23	26.3	26.6	
2020	7	24	26.4	26.5	
2020	7	25	26.5	26.4	
2020	7	26	26.7	26.3	
2020	7	27	26.2	26.1	
2020	7	28	25.6	26	
2020	7	29	25.5	26	
2020	7	30	26.1	26.1	
2020	7	31	26.4	26.1	
2020	8	1	26.7	26.3	
2020	8	2	25.8	26.4	
2020	8	3	26.6	26.4	
2020	8	4	26.7	26.2	
2020	8	5	26.2	26.4	
2020	8	6	25.9	26.4	
2020	8	7	26.4	26.4	
2020	8	8	26.8	26.5	
2020	8	9	26.8	26.7	
2020	8	10	26.8	26.7	
2020	8	11	26.7	26.5	
2020	8	12	26.4	26.4	
2020	8	13	25.9	26.2	
2020	8	14	26.3	26.2	
2020	8	15	25.9	26.1	
2020	8	16	26.3	26.1	
2020	8	17	26.1	26	
2020	8	18	25.7	25.9	
2020	8	19	26	25.6	
2020	8	20	25.5	25.3	
2020	8	21	24.9	25	
2020	8	22	24.3	24.6	
2020	8	23	24.3	24.5	
2020	8	24	24.2	24.7	
2020	8	25	24.8	25.2	
2020	8	26	25.8	25.9	
2020	8	27	26.9	26.5	
2020	8	28	27.7	26.8	
2020	8	29	27.3	27	
2020	8	30	26.5	26.9	
2020	8	31	26.4	26.5	
2020	9	1	26.4	26.3	
2020	9	2	26.1	26	
2020	9	3	25.9	25.5	
2020	9	4	25	25.2	
2020	9	5	24.3	24.7	
2020	9	6	24.9	24.1	
2020	9	7	23.5	23.7	
2020	9	8	22.9	23.4	
2020	9	9	22.9	22.8	
2020	9	10	22.8	22.6	
2020	9	11	22.1	22.4	
2020	9	12	22.1	22.1	
2020	9	13	22.1	21.9	
2020	9	14	21.6	21.7	
2020	9	15	21.4	21.6	
2020	9	16	21.4	21.3	
2020	9	17	21.3	21.2	
2020	9	18	21	21.2	
2020	9	19	21.1	21.2	
2020	9	20	21.2	21.3	
2020	9	21	21.6	21.1	
2020	9	22	21.4	21	
2020	9	23	20.4	21	
2020	9	24	20.4	20.9	
2020	9	25	21.1	20.8	
2020	9	26	21.2	21	
2020	9	27	21.1	20.9	
2020	9	28	21	20.8	
2020	9	29	20.3	20.5	
2020	9	30	20.2	20.1	
2020	10	1	19.7	19.7	
2020	10	2	19.5	19.2	
2020	10	3	18.6	18.8	
2020	10	4	18.2	18.5	
2020	10	5	17.9	18	
2020	10	6	18.2	17.9	
2020	10	7	17.3	17.7	
2020	10	8	17.7	17.6	
2020	10	9	17.5	17.3	
2020	10	10	17.2	17	
2020	10	11	16.9	16.6	
2020	10	12	15.8	16.1	
2020	10	13	15.5	15.6	
2020	10	14	14.9	15.3	
2020	10	15	14.8	15.3	
2020	10	16	15.3	15.3	
2020	10	17	15.8	15.6	
2020	10	18	15.9	15.7	
2020	10	19	16.1	15.4	
2020	10	20	15.3	14.9	
2020	10	21	14.1	14.3	
2020	10	22	13.2	13.7	
2020	10	23	12.8	13.5	
2020	10	24	13	13.5	
2020	10	25	14.3	13.5	
2020	10	26	14.1	13.6	
2020	10	27	13.4	13.5	
2020	10	28	13.4	13.1	
2020	10	29	12.3	12.5	
2020	10	30	12.2	12	
2020	10	31	11.3	11.2	
2020	11	1	10.7	10.8	
2020	11	2	9.7	10.7	
2020	11	3	10.2	10.8	
2020	11	4	11.4	11	
2020	11	5	11.9	11.8	
2020	11	6	11.8	12.3	
2020	11	7	13.5	12.3	
2020	11	8	13.1	12.1	
2020	11	9	11.1	12	
2020	11	10	11.2	11.4	
2020	11	11	11.1	10.8	
2020	11	12	10.7	10.2	
2020	11	13	10	9.5	
2020	11	14	8.1	8.4	
2020	11	15	7.4	7.3	
2020	11	16	6	6.1	
2020	11	17	5.1	5.1	
2020	11	18	3.7	4.6	
2020	11	19	3.5	4.4	
2020	11	20	4.5	4.2	
2020	11	21	5.4	4.5	
2020	11	22	3.7	5.2	
2020	11	23	5.2	5.6	
2020	11	24	7.1	5.8	
2020	11	25	6.5	6.3	
2020	11	26	6.5	6.4	
2020	11	27	6.2	6.2	
2020	11	28	5.8	6	
2020	11	29	5.9	5.7	
2020	11	30	5.4	5.4	
2020	12	1	5.4	5.2	
2020	12	2	4.7	4.5	
2020	12	3	4.5	3.7	
2020	12	4	2.6	2.8	
2020	12	5	1.5	2.1	
2020	12	6	0.9	1.7	
2020	12	7	1.1	1.7	
2020	12	8	2.5	1.8	
2020	12	9	2.4	2	
2020	12	10	2.3	2	
2020	12	11	1.7	1.7	
2020	12	12	1.3	1.1	
2020	12	13	0.9	0.1	
2020	12	14	-0.9	-0.9	
2020	12	15	-2.3	-1.7	
2020	12	16	-3.4	-2.3	
2020	12	17	-2.8	-2.3	
2020	12	18	-1.9	-1.7	
2020	12	19	-1.3	-0.5	
2020	12	20	1.1	0.7	
2020	12	21	2.2	1.5	
2020	12	22	3.2	1.9	
2020	12	23	2.1	1.8	
2020	12	24	0.8	1.5	
2020	12	25	0.6	1.1	
2020	12	26	0.8	0.9	
2020	12	27	1.2	0.7	
2020	12	28	1.3	0.7	
2020	12	29	-0.3	0.5	
2020	12	30	0.3	0.6	
2020	12	31	0.2	0.3	
2030	1	1	1.4	0.1	
2030	1	2	-0.2	-0.1	
2030	1	3	-1.4	-0.3	
2030	1	4	-0.4	-0.7	
2030	1	5	-0.7	-1.1	
2030	1	6	-0.9	-1.1	
2030	1	7	-2	-1.4	
2030	1	8	-1.6	-1.6	
2030	1	9	-1.7	-1.7	
2030	1	10	-1.7	-1.5	
2030	1	11	-1.4	-1.8	
2030	1	12	-1.3	-2.1	
2030	1	13	-3	-2.1	
2030	1	14	-2.9	-1.9	
2030	1	15	-1.8	-1.6	
2030	1	16	-0.5	-0.7	
2030	1	17	0.1	0.1	
2030	1	18	1.6	0.2	
2030	1	19	0.9	-0.1	
2030	1	20	-1.2	-0.4	
2030	1	21	-1.8	-1.1	
2030	1	22	-1.3	-1.8	
2030	1	23	-2.1	-2.2	
2030	1	24	-2.8	-2.3	
2030	1	25	-3.1	-2.4	
2030	1	26	-2.2	-2.1	
2030	1	27	-1.9	-1.7	
2030	1	28	-0.4	-1.4	
2030	1	29	-1.1	-1.4	
2030	1	30	-1.4	-1.6	
2030	1	31	-2.2	-2.4	
2030	2	1	-3	-2.8	
2030	2	2	-4.2	-2.8	
2030	2	3	-3.2	-2.5	
2030	2	4	-1.3	-1.9	
2030	2	5	-0.7	-1.1	
2030	2	6	-0.2	-0.6	
2030	2	7	0.1	-0.5	
2030	2	8	-0.9	-0.6	
2030	2	9	-0.7	-0.9	
2030	2	10	-1.5	-0.8	
2030	2	11	-1.3	-0.1	
2030	2	12	0.4	0.4	
2030	2	13	2.4	0.8	
2030	2	14	1.9	0.9	
2030	2	15	0.6	0.9	
2030	2	16	-0.8	0.6	
2030	2	17	0.2	0.5	
2030	2	18	1.1	0.7	
2030	2	19	1.2	1.2	
2030	2	20	2	1.6	
2030	2	21	1.5	1.8	
2030	2	22	2	2	
2030	2	23	2.2	2.3	
2030	2	24	2.4	3	
2030	2	25	3.3	3.7	
2030	2	26	5	4.5	
2030	2	27	5.8	5.2	
2030	2	28	5.8	6	
2030	3	1	6.1	6.5	
2030	3	2	7.1	6.6	
2030	3	3	7.7	6.2	
2030	3	4	6.1	5.6	
2030	3	5	3.9	4.7	
2030	3	6	3	3.8	
2030	3	7	2.9	3.2	
2030	3	8	3.2	3.2	
2030	3	9	3	3.2	
2030	3	10	3.7	3.3	
2030	3	11	3.4	3.7	
2030	3	12	3.3	4.3	
2030	3	13	4.9	4.8	
2030	3	14	6.2	5.6	
2030	3	15	6.2	6.7	
2030	3	16	7.4	7.7	
2030	3	17	9	8.5	
2030	3	18	9.6	9.2	
2030	3	19	10.1	9.6	
2030	3	20	9.8	9.7	
2030	3	21	9.6	9.6	
2030	3	22	9.5	9.5	
2030	3	23	9	9.6	
2030	3	24	9.8	9.5	
2030	3	25	10.1	9.2	
2030	3	26	9.1	8.9	
2030	3	27	8.1	8.5	
2030	3	28	7.6	8	
2030	3	29	7.5	7.7	
2030	3	30	7.5	7.8	
2030	3	31	8	8.2	
2030	4	1	8.5	8.9	
2030	4	2	9.4	9.8	
2030	4	3	11.3	10.7	
2030	4	4	11.8	11.4	
2030	4	5	12.3	12.1	
2030	4	6	12.1	12.4	
2030	4	7	12.8	12.6	
2030	4	8	12.9	12.5	
2030	4	9	12.7	12.6	
2030	4	10	12	12.6	
2030	4	11	12.4	12.5	
2030	4	12	13.1	12.5	
2030	4	13	12.5	12.6	
2030	4	14	12.3	12.8	
2030	4	15	12.9	12.9	
2030	4	16	13.4	13.2	
2030	4	17	13.4	13.7	
2030	4	18	13.8	14.1	
2030	4	19	15	14.4	
2030	4	20	15	14.6	
2030	4	21	15	14.6	
2030	4	22	14.4	14.2	
2030	4	23	13.7	13.9	
2030	4	24	13.1	13.6	
2030	4	25	13.3	13.6	
2030	4	26	13.6	14.1	
2030	4	27	14.3	14.9	
2030	4	28	16.4	15.8	
2030	4	29	16.8	16.7	
2030	4	30	17.8	17.5	
2030	5	1	18.1	17.7	
2030	5	2	18.3	17.9	
2030	5	3	17.7	17.9	
2030	5	4	17.4	17.8	
2030	5	5	17.9	17.6	
2030	5	6	17.8	17.5	
2030	5	7	17	17.3	
2030	5	8	17.2	17	
2030	5	9	16.4	16.8	
2030	5	10	16.5	16.9	
2030	5	11	16.9	16.9	
2030	5	12	17.6	17.1	
2030	5	13	17.2	17.4	
2030	5	14	17.5	17.9	
2030	5	15	17.9	18.1	
2030	5	16	19.1	18.5	
2030	5	17	18.9	18.6	
2030	5	18	18.9	18.8	
2030	5	19	18.3	18.7	
2030	5	20	18.8	18.9	
2030	5	21	18.8	19.3	
2030	5	22	19.8	19.9	
2030	5	23	20.9	20.2	
2030	5	24	21	20.8	
2030	5	25	20.4	21.1	
2030	5	26	21.7	21.2	
2030	5	27	21.3	21.3	
2030	5	28	21.5	21.8	
2030	5	29	21.7	22.2	
2030	5	30	23	22.8	
2030	5	31	23.6	23.2	
2030	6	1	24	23.8	
2030	6	2	23.9	24.1	
2030	6	3	24.3	24.1	
2030	6	4	24.6	23.9	
2030	6	5	23.7	23.8	
2030	6	6	22.9	23.7	
2030	6	7	23.7	23.4	
2030	6	8	23.5	23.3	
2030	6	9	23.4	23.4	
2030	6	10	23.1	23	
2030	6	11	23.1	23.1	
2030	6	12	22.1	23	
2030	6	13	23.6	23.1	
2030	6	14	23.3	23.4	
2030	6	15	23.6	23.8	
2030	6	16	24.6	24	
2030	6	17	24.1	24.1	
2030	6	18	24.6	24.1	
2030	6	19	23.7	23.8	
2030	6	20	23.4	23.6	
2030	6	21	23.3	23.3	
2030	6	22	23	23.3	
2030	6	23	23.1	23.2	
2030	6	24	23.6	23.3	
2030	6	25	23.2	23.5	
2030	6	26	23.6	23.6	
2030	6	27	24.1	23.5	
2030	6	28	23.5	23.5	
2030	6	29	23	23.6	
2030	6	30	23.5	23.6	
2030	7	1	24.1	23.7	
2030	7	2	23.9	23.9	
2030	7	3	23.8	24.1	
2030	7	4	24.2	24.2	
2030	7	5	24.7	24.3	
2030	7	6	24.4	24.4	
2030	7	7	24.5	24.3	
2030	7	8	24.2	24	
2030	7	9	23.7	24	
2030	7	10	23.3	23.9	
2030	7	11	24.1	23.9	
2030	7	12	24.2	24.1	
2030	7	13	24.1	24.7	
2030	7	14	24.7	25.1	
2030	7	15	26.5	25.5	
2030	7	16	25.9	25.9	
2030	7	17	26.2	26.2	
2030	7	18	26.3	26.3	
2030	7	19	26.2	26.5	
2030	7	20	26.8	26.7	
2030	7	21	27	26.8	
2030	7	22	27	26.9	
2030	7	23	26.9	27	
2030	7	24	26.8	26.9	
2030	7	25	27.1	26.9	
2030	7	26	26.9	26.7	
2030	7	27	26.7	26.6	
2030	7	28	26.2	26.5	
2030	7	29	26.3	26.4	
2030	7	30	26.4	26.4	
2030	7	31	26.5	26.4	
2030	8	1	26.6	26.5	
2030	8	2	26.2	26.6	
2030	8	3	26.7	26.6	
2030	8	4	26.8	26.9	
2030	8	5	26.9	27.2	
2030	8	6	27.7	27.3	
2030	8	7	27.8	27.4	
2030	8	8	27.4	27.4	
2030	8	9	27	27.3	
2030	8	10	27	27.2	
2030	8	11	27.2	27.1	
2030	8	12	27.2	27.1	
2030	8	13	27	27	
2030	8	14	26.9	26.9	
2030	8	15	26.6	26.7	
2030	8	16	26.9	26.5	
2030	8	17	26.1	26.3	
2030	8	18	26.1	26.2	
2030	8	19	26	25.8	
2030	8	20	25.8	25.6	
2030	8	21	24.9	25.3	
2030	8	22	25	25.1	
2030	8	23	25	24.9	
2030	8	24	24.6	25	
2030	8	25	24.8	25.3	
2030	8	26	25.6	25.5	
2030	8	27	26.3	25.9	
2030	8	28	26.4	26.1	
2030	8	29	26.3	26.1	
2030	8	30	25.9	25.8	
2030	8	31	25.4	25.5	
2030	9	1	25.1	25.2	
2030	9	2	25	24.9	
2030	9	3	24.7	24.9	
2030	9	4	24.5	24.8	
2030	9	5	25.1	24.6	
2030	9	6	24.5	24.4	
2030	9	7	24.1	24.1	
2030	9	8	23.6	23.8	
2030	9	9	23.3	23.6	
2030	9	10	23.4	23.6	
2030	9	11	23.7	23.7	
2030	9	12	24.1	23.7	
2030	9	13	23.8	23.6	
2030	9	14	23.6	23.5	
2030	9	15	23	23.2	
2030	9	16	23.1	23.1	
2030	9	17	22.7	22.9	
2030	9	18	23.2	22.7	
2030	9	19	22.6	22.4	
2030	9	20	21.7	22.3	
2030	9	21	21.9	22.1	
2030	9	22	21.9	21.8	
2030	9	23	22.2	21.7	
2030	9	24	21.1	21.4	
2030	9	25	21.2	21.3	
2030	9	26	20.8	21.1	
2030	9	27	21.1	21	
2030	9	28	21.2	20.8	
2030	9	29	20.8	20.5	
2030	9	30	20.3	19.7	
2030	10	1	19	18.9	
2030	10	2	17.3	18.3	
2030	10	3	17.3	17.7	
2030	10	4	17.4	17.5	
2030	10	5	17.4	17.7	
2030	10	6	17.9	17.8	
2030	10	7	18.3	17.9	
2030	10	8	18.1	18	
2030	10	9	18	18.1	
2030	10	10	17.9	18	
2030	10	11	18.3	17.6	
2030	10	12	17.6	17.4	
2030	10	13	16.4	17.1	
2030	10	14	16.8	16.8	
2030	10	15	16.3	16.7	
2030	10	16	16.8	16.6	
2030	10	17	17.4	16.6	
2030	10	18	15.9	16.6	
2030	10	19	16.4	16.2	
2030	10	20	16.3	15.9	
2030	10	21	15.2	15.7	
2030	10	22	15.5	15.4	
2030	10	23	15.2	15.1	
2030	10	24	14.8	15.1	
2030	10	25	14.9	14.9	
2030	10	26	15.2	14.2	
2030	10	27	14.3	13.4	
2030	10	28	11.7	12.5	
2030	10	29	11.1	11.4	
2030	10	30	10.1	10.5	
2030	10	31	9.8	10	
2030	11	1	9.7	9.9	
2030	11	2	9.4	10.1	
2030	11	3	10.5	10.7	
2030	11	4	10.9	11.4	
2030	11	5	12.8	12.3	
2030	11	6	13.4	13.1	
2030	11	7	13.9	13.6	
2030	11	8	14.5	13.7	
2030	11	9	13.2	13.4	
2030	11	10	13.6	12.7	
2030	11	11	12	12	
2030	11	12	10.4	11.5	
2030	11	13	11	10.9	
2030	11	14	10.7	10	
2030	11	15	10.2	9.3	
2030	11	16	7.5	8.4	
2030	11	17	7.1	7.2	
2030	11	18	6.7	5.9	
2030	11	19	4.6	5.3	
2030	11	20	3.5	4.8	
2030	11	21	4.6	4.5	
2030	11	22	4.8	4.6	
2030	11	23	5.1	4.8	
2030	11	24	5.2	4.9	
2030	11	25	4.3	5.2	
2030	11	26	5.3	5.4	
2030	11	27	6.2	5.5	
2030	11	28	6.2	6	
2030	11	29	5.3	6.5	
2030	11	30	7.2	6.6	
2030	12	1	7.8	6.3	
2030	12	2	6.5	5.8	
2030	12	3	4.9	4.6	
2030	12	4	2.4	3.4	
2030	12	5	1.3	2.5	
2030	12	6	2.1	1.8	
2030	12	7	1.9	1.6	
2030	12	8	1.3	1.8	
2030	12	9	1.6	1.8	
2030	12	10	2.1	1.6	
2030	12	11	2.3	1.3	
2030	12	12	0.8	1	
2030	12	13	-0.1	0.4	
2030	12	14	0	-0.7	
2030	12	15	-1	-1.3	
2030	12	16	-3.2	-1.1	
2030	12	17	-2.4	-0.4	
2030	12	18	0.9	0.1	
2030	12	19	3.6	1.2	
2030	12	20	1.4	2.4	
2030	12	21	2.6	2.7	
2030	12	22	3.5	2.2	
2030	12	23	2.3	2.3	
2030	12	24	1.4	2.2	
2030	12	25	1.6	1.6	
2030	12	26	2	1.1	
2030	12	27	0.8	0.8	
2030	12	28	-0.1	0.6	
2030	12	29	-0.1	0.3	
2030	12	30	0.4	0	
2030	12	31	0.3	-0.2	
2040	1	1	-0.3	-0.6	
2040	1	2	-1.1	-0.9	
2040	1	3	-2.2	-1.2	
2040	1	4	-1.2	-1.4	
2040	1	5	-1.1	-1.5	
2040	1	6	-1.5	-1.5	
2040	1	7	-1.6	-1.5	
2040	1	8	-2.2	-1.5	
2040	1	9	-1.3	-1.6	
2040	1	10	-1.1	-1.3	
2040	1	11	-1.6	-0.9	
2040	1	12	-0.3	-0.6	
2040	1	13	-0.3	-0.6	
2040	1	14	0.2	-0.1	
2040	1	15	-0.8	0.3	
2040	1	16	0.9	0.6	
2040	1	17	1.7	0.6	
2040	1	18	1	0.8	
2040	1	19	0.4	0.2	
2040	1	20	0.1	-0.8	
2040	1	21	-2.1	-1.4	
2040	1	22	-3.5	-1.7	
2040	1	23	-1.8	-2.1	
2040	1	24	-1.4	-1.8	
2040	1	25	-1.5	-1.1	
2040	1	26	-0.6	-0.7	
2040	1	27	0	-0.7	
2040	1	28	-0.1	-0.5	
2040	1	29	-1.1	-0.6	
2040	1	30	-0.9	-0.7	
2040	1	31	-0.7	-0.7	
2040	2	1	-0.6	-0.6	
2040	2	2	-0.3	-0.8	
2040	2	3	-0.7	-0.9	
2040	2	4	-1.7	-0.9	
2040	2	5	-1.1	-0.9	
2040	2	6	-0.7	-0.9	
2040	2	7	-0.2	-0.7	
2040	2	8	-0.7	-0.6	
2040	2	9	-0.8	-0.3	
2040	2	10	-0.7	0.4	
2040	2	11	1.1	1.2	
2040	2	12	3	2.2	
2040	2	13	3.6	2.9	
2040	2	14	3.9	3.1	
2040	2	15	2.9	3.1	
2040	2	16	2	3	
2040	2	17	2.9	3.2	
2040	2	18	3.5	3.6	
2040	2	19	4.5	4	
2040	2	20	5.1	4.2	
2040	2	21	4.2	4.1	
2040	2	22	3.6	3.6	
2040	2	23	3.3	3	
2040	2	24	1.9	2.9	
2040	2	25	1.9	3.1	
2040	2	26	3.8	3.6	
2040	2	27	4.8	4.4	
2040	2	28	5.5	5.2	
2040	3	1	5.8	5.2	
2040	3	2	6	4.9	
2040	3	3	3.9	4	
2040	3	4	3.3	2.9	
2040	3	5	0.9	2.3	
2040	3	6	0.6	2.4	
2040	3	7	2.8	2.5	
2040	3	8	4.3	3.3	
2040	3	9	4.1	3.9	
2040	3	10	4.5	4.1	
2040	3	11	4	4.2	
2040	3	12	3.7	4.7	
2040	3	13	4.8	5.2	
2040	3	14	6.4	6	
2040	3	15	7.1	6.9	
2040	3	16	8.2	7.3	
2040	3	17	8	7.5	
2040	3	18	6.8	7.6	
2040	3	19	7.3	7.4	
2040	3	20	7.9	7.3	
2040	3	21	7.2	7.4	
2040	3	22	7.5	7.5	
2040	3	23	7.2	7.1	
2040	3	24	7.8	6.9	
2040	3	25	6	6.7	
2040	3	26	5.8	6.8	
2040	3	27	6.7	6.9	
2040	3	28	7.9	7.7	
2040	3	29	7.9	8.6	
2040	3	30	10.2	9.2	
2040	3	31	10.1	9.6	
2040	4	1	10	10.1	
2040	4	2	9.9	10.1	
2040	4	3	10.2	10.4	
2040	4	4	10.3	10.8	
2040	4	5	11.8	11.3	
2040	4	6	11.8	11.7	
2040	4	7	12.2	12.3	
2040	4	8	12.6	12.4	
2040	4	9	13.1	12.4	
2040	4	10	12.5	12.3	
2040	4	11	11.8	12.1	
2040	4	12	11.7	12.1	
2040	4	13	11.6	12.2	
2040	4	14	13.1	12.6	
2040	4	15	13	13.2	
2040	4	16	13.4	14	
2040	4	17	14.7	14.7	
2040	4	18	15.8	15.3	
2040	4	19	16.8	15.8	
2040	4	20	15.6	15.6	
2040	4	21	15.9	15.3	
2040	4	22	14.1	14.5	
2040	4	23	13.9	14	
2040	4	24	13.1	13.7	
2040	4	25	13.2	13.9	
2040	4	26	14	14.3	
2040	4	27	15.2	15.1	
2040	4	28	16.2	16.1	
2040	4	29	17	17.2	
2040	4	30	18.3	17.7	
2040	5	1	19.3	18.1	
2040	5	2	17.5	18.3	
2040	5	3	18.4	18.3	
2040	5	4	18.2	18.1	
2040	5	5	18.1	18.3	
2040	5	6	18.2	18.4	
2040	5	7	18.6	18.4	
2040	5	8	18.8	18.1	
2040	5	9	18.3	17.7	
2040	5	10	16.7	17.3	
2040	5	11	16.1	17.1	
2040	5	12	16.5	16.9	
2040	5	13	17.7	17.3	
2040	5	14	17.5	17.6	
2040	5	15	18.5	18	
2040	5	16	17.8	18.3	
2040	5	17	18.4	18.6	
2040	5	18	19.5	18.7	
2040	5	19	18.6	19.1	
2040	5	20	19.2	19.6	
2040	5	21	20	20	
2040	5	22	20.7	20.5	
2040	5	23	21.5	20.9	
2040	5	24	21	21.1	
2040	5	25	21.2	21.3	
2040	5	26	21.1	21.4	
2040	5	27	21.8	21.8	
2040	5	28	22.1	22	
2040	5	29	22.6	22.4	
2040	5	30	22.4	22.6	
2040	5	31	22.9	22.7	
2040	6	1	23.1	22.9	
2040	6	2	22.6	23	
2040	6	3	23.7	23	
2040	6	4	22.8	23	
2040	6	5	23	23.2	
2040	6	6	22.9	23.1	
2040	6	7	23.4	23.5	
2040	6	8	23.6	23.8	
2040	6	9	24.4	24	
2040	6	10	24.8	24	
2040	6	11	24	24.3	
2040	6	12	23.4	24.2	
2040	6	13	24.7	24.1	
2040	6	14	24	24.2	
2040	6	15	24.5	24.4	
2040	6	16	24.6	24.3	
2040	6	17	24.2	24.4	
2040	6	18	24.2	24.4	
2040	6	19	24.5	24.4	
2040	6	20	24.3	24.7	
2040	6	21	24.9	24.8	
2040	6	22	25.4	24.8	
2040	6	23	25.1	24.7	
2040	6	24	24.2	24.5	
2040	6	25	23.8	24.2	
2040	6	26	24.2	24	
2040	6	27	23.8	24	
2040	6	28	24	24.1	
2040	6	29	24.2	24.1	
2040	6	30	24.3	24.2	
2040	7	1	24	24.5	
2040	7	2	24.4	24.8	
2040	7	3	25.6	25	
2040	7	4	25.5	25.5	
2040	7	5	25.6	25.6	
2040	7	6	26.2	25.6	
2040	7	7	25.2	25.5	
2040	7	8	25.5	25.3	
2040	7	9	25	25	
2040	7	10	24.7	24.9	
2040	7	11	24.8	25	
2040	7	12	24.7	25.3	
2040	7	13	25.8	25.8	
2040	7	14	26.7	26.3	
2040	7	15	27.2	26.8	
2040	7	16	27.3	27.1	
2040	7	17	27.2	27.2	
2040	7	18	27.2	27.3	
2040	7	19	27.2	27.3	
2040	7	20	27.6	27.4	
2040	7	21	27.5	27.4	
2040	7	22	27.3	27.6	
2040	7	23	27.6	27.6	
2040	7	24	27.9	27.6	
2040	7	25	27.9	27.4	
2040	7	26	27.3	27.1	
2040	7	27	26.3	26.9	
2040	7	28	26.3	26.8	
2040	7	29	26.8	26.8	
2040	7	30	27.3	27.1	
2040	7	31	27.5	27.4	
2040	8	1	27.7	27.6	
2040	8	2	27.5	27.7	
2040	8	3	28	27.7	
2040	8	4	27.9	27.6	
2040	8	5	27.4	27.6	
2040	8	6	27.4	27.5	
2040	8	7	27.1	27.6	
2040	8	8	27.8	27.7	
2040	8	9	28.3	27.9	
2040	8	10	28	28.2	
2040	8	11	28.2	28.2	
2040	8	12	28.5	28.1	
2040	8	13	28	28.2	
2040	8	14	28	28.2	
2040	8	15	28.1	28.1	
2040	8	16	28.5	28	
2040	8	17	28	27.9	
2040	8	18	27.4	27.8	
2040	8	19	27.4	27.7	
2040	8	20	27.9	27.6	
2040	8	21	28	27.5	
2040	8	22	27.5	27.3	
2040	8	23	26.9	26.9	
2040	8	24	26.4	26.6	
2040	8	25	25.9	26.2	
2040	8	26	26.2	26	
2040	8	27	25.7	25.8	
2040	8	28	26	25.7	
2040	8	29	25.2	25.5	
2040	8	30	25.3	25.3	
2040	8	31	25.1	25	
2040	9	1	25.1	24.9	
2040	9	2	24.5	24.6	
2040	9	3	24.3	24.5	
2040	9	4	23.9	24.3	
2040	9	5	24.5	24.1	
2040	9	6	24.3	24	
2040	9	7	23.6	23.9	
2040	9	8	23.5	23.8	
2040	9	9	23.7	23.7	
2040	9	10	23.9	23.9	
2040	9	11	24	24	
2040	9	12	24.4	23.9	
2040	9	13	23.9	23.9	
2040	9	14	23.5	23.7	
2040	9	15	23.6	23.4	
2040	9	16	23	23.2	
2040	9	17	22.8	23.2	
2040	9	18	23.3	23.2	
2040	9	19	23.5	23.2	
2040	9	20	23.2	23.2	
2040	9	21	23.3	22.9	
2040	9	22	22.5	22.5	
2040	9	23	21.9	22.2	
2040	9	24	21.7	21.8	
2040	9	25	21.6	21.4	
2040	9	26	21.1	21.1	
2040	9	27	20.5	20.8	
2040	9	28	20.4	20.4	
2040	9	29	20.5	20.2	
2040	9	30	19.7	20	
2040	10	1	19.8	19.5	
2040	10	2	19.7	19	
2040	10	3	18	18.8	
2040	10	4	17.9	18.7	
2040	10	5	18.7	18.5	
2040	10	6	19.3	18.6	
2040	10	7	18.6	18.7	
2040	10	8	18.7	18.5	
2040	10	9	18.3	18.1	
2040	10	10	17.5	17.7	
2040	10	11	17.2	17.2	
2040	10	12	16.7	16.9	
2040	10	13	16.5	16.7	
2040	10	14	16.7	16.7	
2040	10	15	16.4	17	
2040	10	16	17.4	17.3	
2040	10	17	18.2	17.4	
2040	10	18	17.8	17.4	
2040	10	19	17	17.1	
2040	10	20	16.4	16.5	
2040	10	21	15.9	16	
2040	10	22	15.5	15.5	
2040	10	23	15.2	15.2	
2040	10	24	14.7	14.9	
2040	10	25	14.6	14.5	
2040	10	26	14.6	14.1	
2040	10	27	13.5	13.9	
2040	10	28	13	13.7	
2040	10	29	13.6	13.5	
2040	10	30	13.8	13.5	
2040	10	31	13.5	13.4	
2040	11	1	13.4	13.2	
2040	11	2	12.8	12.6	
2040	11	3	12.6	12.3	
2040	11	4	10.7	12.1	
2040	11	5	11.8	11.8	
2040	11	6	12.4	11.5	
2040	11	7	11.5	11.4	
2040	11	8	11.1	11	
2040	11	9	10.2	10.3	
2040	11	10	9.7	10	
2040	11	11	9.1	9.9	
2040	11	12	9.8	9.7	
2040	11	13	10.7	9.5	
2040	11	14	9.3	9.1	
2040	11	15	8.4	8.5	
2040	11	16	7.1	7.7	
2040	11	17	6.8	7.2	
2040	11	18	6.9	6.9	
2040	11	19	6.7	7.1	
2040	11	20	7.2	7.1	
2040	11	21	7.8	7	
2040	11	22	6.8	7.1	
2040	11	23	6.4	7	
2040	11	24	7.5	6.9	
2040	11	25	6.4	7.2	
2040	11	26	7.5	7.4	
2040	11	27	8.4	7.4	
2040	11	28	7.4	7.4	
2040	11	29	7.4	7.1	
2040	11	30	6.5	6.6	
2040	12	1	5.7	6.3	
2040	12	2	6.1	5.7	
2040	12	3	5.7	4.8	
2040	12	4	4.3	4.2	
2040	12	5	2.4	3.7	
2040	12	6	2.7	3.7	
2040	12	7	3.4	4	
2040	12	8	5.5	4.4	
2040	12	9	5.8	4.3	
2040	12	10	4.5	3.7	
2040	12	11	2.3	2.7	
2040	12	12	0.6	1.8	
2040	12	13	0.5	0.7	
2040	12	14	1	0.1	
2040	12	15	-0.7	0.1	
2040	12	16	-0.8	0.3	
2040	12	17	0.7	0.3	
2040	12	18	1.4	0.6	
2040	12	19	1.1	1	
2040	12	20	0.4	1.2	
2040	12	21	1.2	1.2	
2040	12	22	1.7	1.2	
2040	12	23	1.7	1.3	
2040	12	24	1.1	1.2	
2040	12	25	0.6	0.8	
2040	12	26	0.9	0.3	
2040	12	27	-0.1	-0.1	
2040	12	28	-0.9	-0.3	
2040	12	29	-0.9	-0.6	
2040	12	30	-0.6	-0.4	
2040	12	31	-0.4	-0.2	
2050	1	1	0.7	-0.2	
2050	1	2	0.1	-0.4	
2050	1	3	-1	-0.7	
2050	1	4	-1.6	-1.1	
2050	1	5	-1.8	-1.2	
2050	1	6	-1.1	-1.3	
2050	1	7	-0.7	-1.4	
2050	1	8	-1.1	-1.5	
2050	1	9	-2.2	-1.7	
2050	1	10	-2.2	-1.8	
2050	1	11	-2.2	-2	
2050	1	12	-1.4	-2	
2050	1	13	-2.1	-1.7	
2050	1	14	-1.9	-1.3	
2050	1	15	-1	-1.1	
2050	1	16	-0.3	-0.7	
2050	1	17	-0.4	-0.2	
2050	1	18	0.1	-0.1	
2050	1	19	0.4	-0.3	
2050	1	20	-0.3	-0.3	
2050	1	21	-1.1	-0.6	
2050	1	22	-0.8	-0.4	
2050	1	23	-1.1	-0.2	
2050	1	24	1.2	0	
2050	1	25	0.8	0	
2050	1	26	0	-0.1	
2050	1	27	-1	-0.4	
2050	1	28	-1.3	-0.6	
2050	1	29	-0.7	-0.8	
2050	1	30	-0.2	-0.8	
2050	1	31	-0.7	-0.6	
2050	2	1	-1.2	-0.7	
2050	2	2	-0.4	-1.1	
2050	2	3	-1.1	-1.3	
2050	2	4	-1.9	-1.3	
2050	2	5	-1.9	-1.4	
2050	2	6	-1.2	-1.1	
2050	2	7	-1	-0.6	
2050	2	8	0.5	-0.1	
2050	2	9	0.8	0.5	
2050	2	10	0.4	1.3	
2050	2	11	1.9	1.9	
2050	2	12	3	2.1	
2050	2	13	3.2	2.3	
2050	2	14	1.9	2.2	
2050	2	15	1.7	1.8	
2050	2	16	1.4	1.5	
2050	2	17	0.9	1.5	
2050	2	18	1.4	1.9	
2050	2	19	2.3	2.6	
2050	2	20	3.6	3.4	
2050	2	21	4.7	3.9	
2050	2	22	5.1	4	
2050	2	23	3.6	4	
2050	2	24	3.2	4.1	
2050	2	25	3.4	4.1	
2050	2	26	5	4.3	
2050	2	27	5.1	4.9	
2050	2	28	4.6	5.7	
2050	3	1	6.4	6	
2050	3	2	7.2	6.2	
2050	3	3	6.6	6.2	
2050	3	4	6.3	5.6	
2050	3	5	4.3	4.8	
2050	3	6	3.8	4.1	
2050	3	7	3.1	3.4	
2050	3	8	2.9	3.2	
2050	3	9	2.8	3.4	
2050	3	10	3.3	3.9	
2050	3	11	4.8	4.6	
2050	3	12	5.9	5.4	
2050	3	13	6.2	6.6	
2050	3	14	6.9	7.6	
2050	3	15	9	8.3	
2050	3	16	9.8	8.9	
2050	3	17	9.4	9.4	
2050	3	18	9.3	9.5	
2050	3	19	9.7	9.1	
2050	3	20	9.1	8.7	
2050	3	21	8.1	8.4	
2050	3	22	7.5	8.2	
2050	3	23	7.5	8.2	
2050	3	24	8.9	8.2	
2050	3	25	8.8	8.5	
2050	3	26	8.3	8.8	
2050	3	27	8.8	8.8	
2050	3	28	9.2	8.8	
2050	3	29	9	9.1	
2050	3	30	8.9	9.4	
2050	3	31	9.6	9.9	
2050	4	1	10.2	10.5	
2050	4	2	11.9	11	
2050	4	3	11.9	11.5	
2050	4	4	11.6	12	
2050	4	5	11.8	12.1	
2050	4	6	12.7	12.3	
2050	4	7	12.3	12.8	
2050	4	8	13.3	13.1	
2050	4	9	13.8	13.3	
2050	4	10	13.5	13.3	
2050	4	11	13.4	13.3	
2050	4	12	12.4	13.3	
2050	4	13	13.4	13.3	
2050	4	14	13.7	13.5	
2050	4	15	13.8	13.9	
2050	4	16	14	14.3	
2050	4	17	14.8	14.7	
2050	4	18	15.4	15.1	
2050	4	19	15.7	15.2	
2050	4	20	15.8	15	
2050	4	21	14.3	14.8	
2050	4	22	13.7	14.5	
2050	4	23	14.5	14.1	
2050	4	24	14.2	14.1	
2050	4	25	13.8	14.4	
2050	4	26	14.1	14.7	
2050	4	27	15.5	15.4	
2050	4	28	16.1	16.5	
2050	4	29	17.4	17.6	
2050	4	30	19.5	18.2	
2050	5	1	19.7	18.9	
2050	5	2	18.4	19.6	
2050	5	3	19.7	19.6	
2050	5	4	20.7	19.8	
2050	5	5	19.6	20.1	
2050	5	6	20.5	19.9	
2050	5	7	20	19.5	
2050	5	8	18.8	19.4	
2050	5	9	18.5	18.9	
2050	5	10	19.1	18.5	
2050	5	11	18	18.5	
2050	5	12	18.2	18.5	
2050	5	13	18.6	18.6	
2050	5	14	18.8	18.9	
2050	5	15	19.6	19.1	
2050	5	16	19.5	19.3	
2050	5	17	19.1	19.5	
2050	5	18	19.4	19.8	
2050	5	19	20.1	19.9	
2050	5	20	21	20.2	
2050	5	21	19.8	20.7	
2050	5	22	20.9	21.2	
2050	5	23	21.7	21.4	
2050	5	24	22.7	21.7	
2050	5	25	22.1	21.7	
2050	5	26	21	21.7	
2050	5	27	21.2	21.8	
2050	5	28	21.7	21.9	
2050	5	29	22.9	22.3	
2050	5	30	22.8	22.6	
2050	5	31	22.9	23	
2050	6	1	22.8	23.1	
2050	6	2	23.4	23.4	
2050	6	3	23.4	23.7	
2050	6	4	24.4	23.9	
2050	6	5	24.3	24.1	
2050	6	6	24.2	24.1	
2050	6	7	24	24.1	
2050	6	8	23.6	24	
2050	6	9	24.2	24	
2050	6	10	24.2	24	
2050	6	11	24.2	24	
2050	6	12	23.6	23.9	
2050	6	13	23.8	23.9	
2050	6	14	23.6	23.9	
2050	6	15	24.1	24.4	
2050	6	16	24.3	24.7	
2050	6	17	26	24.9	
2050	6	18	25.7	25	
2050	6	19	24.4	25.1	
2050	6	20	24.4	25	
2050	6	21	24.8	25	
2050	6	22	25.8	25.3	
2050	6	23	25.8	25.3	
2050	6	24	25.8	25.2	
2050	6	25	24.4	25	
2050	6	26	24.4	25	
2050	6	27	24.6	25	
2050	6	28	25.7	25.2	
2050	6	29	26.1	25.4	
2050	6	30	25.4	25.6	
2050	7	1	25.1	25.5	
2050	7	2	25.5	25.6	
2050	7	3	25.2	25.8	
2050	7	4	26.7	26	
2050	7	5	26.6	26.2	
2050	7	6	26.1	26.4	
2050	7	7	26.6	26.3	
2050	7	8	26	26	
2050	7	9	26.2	25.9	
2050	7	10	25.1	25.7	
2050	7	11	25.4	25.9	
2050	7	12	25.9	26.1	
2050	7	13	26.8	26.6	
2050	7	14	27.3	27.2	
2050	7	15	27.7	27.8	
2050	7	16	28.3	28.2	
2050	7	17	28.9	28.6	
2050	7	18	28.7	28.7	
2050	7	19	29.2	28.7	
2050	7	20	28.5	28.7	
2050	7	21	28.4	28.8	
2050	7	22	28.8	28.9	
2050	7	23	29.2	29	
2050	7	24	29.4	29.3	
2050	7	25	29.4	29.4	
2050	7	26	29.6	29.3	
2050	7	27	29.5	29.1	
2050	7	28	28.8	28.7	
2050	7	29	28.2	28.2	
2050	7	30	27.2	27.7	
2050	7	31	27.2	27.5	
2050	8	1	27.2	27.6	
2050	8	2	27.7	27.8	
2050	8	3	28.6	28.1	
2050	8	4	28.5	28.2	
2050	8	5	28.4	28.2	
2050	8	6	27.8	28.2	
2050	8	7	27.8	28.3	
2050	8	8	28.5	28.4	
2050	8	9	29.1	28.6	
2050	8	10	29	28.8	
2050	8	11	28.8	28.8	
2050	8	12	28.8	28.8	
2050	8	13	28.4	28.8	
2050	8	14	29.1	28.9	
2050	8	15	28.9	29	
2050	8	16	29.4	29	
2050	8	17	29	28.7	
2050	8	18	28.5	28.5	
2050	8	19	27.9	28	
2050	8	20	27.5	27.7	
2050	8	21	27.3	27.5	
2050	8	22	27.5	27.4	
2050	8	23	27.4	27.2	
2050	8	24	27.2	27.1	
2050	8	25	26.6	26.9	
2050	8	26	26.6	26.9	
2050	8	27	26.7	27.1	
2050	8	28	27.6	27.3	
2050	8	29	27.8	27.5	
2050	8	30	27.8	27.5	
2050	8	31	27.4	27.5	
2050	9	1	27.1	27.3	
2050	9	2	27.2	27.2	
2050	9	3	27.1	27.1	
2050	9	4	27	26.9	
2050	9	5	27	26.6	
2050	9	6	26.2	26.2	
2050	9	7	25.5	25.8	
2050	9	8	25.5	25.5	
2050	9	9	25	25.3	
2050	9	10	25.4	25.3	
2050	9	11	25.2	25.1	
2050	9	12	25.2	25.1	
2050	9	13	24.9	24.9	
2050	9	14	24.8	24.8	
2050	9	15	24.5	24.7	
2050	9	16	24.4	24.7	
2050	9	17	24.8	24.7	
2050	9	18	25.1	24.5	
2050	9	19	24.6	24.1	
2050	9	20	23.5	23.5	
2050	9	21	22.6	22.9	
2050	9	22	21.9	22.4	
2050	9	23	22	22.3	
2050	9	24	22.2	22.3	
2050	9	25	22.7	22.3	
2050	9	26	22.6	22.1	
2050	9	27	22	21.9	
2050	9	28	20.8	21.6	
2050	9	29	21.2	21.2	
2050	9	30	21.2	20.9	
2050	10	1	21	20.6	
2050	10	2	20.1	20.2	
2050	10	3	19.6	19.8	
2050	10	4	19.2	19.6	
2050	10	5	19.1	19.4	
2050	10	6	19.9	19.3	
2050	10	7	19.3	19.1	
2050	10	8	19.1	18.9	
2050	10	9	18.2	18.5	
2050	10	10	17.8	18.3	
2050	10	11	18.2	18.1	
2050	10	12	18.1	17.8	
2050	10	13	18.2	17.7	
2050	10	14	16.8	17.3	
2050	10	15	17.1	17	
2050	10	16	16.1	17	
2050	10	17	16.7	17.2	
2050	10	18	18.3	17.1	
2050	10	19	17.7	17.2	
2050	10	20	16.6	17.1	
2050	10	21	16.9	16.7	
2050	10	22	16	16.3	
2050	10	23	16.1	15.9	
2050	10	24	15.9	15.5	
2050	10	25	14.8	15.1	
2050	10	26	14.8	14.6	
2050	10	27	13.8	14.4	
2050	10	28	13.6	14.5	
2050	10	29	14.9	14.5	
2050	10	30	15.4	14.5	
2050	10	31	14.6	14.7	
2050	11	1	14.1	14.2	
2050	11	2	14.4	13.7	
2050	11	3	12.6	13.2	
2050	11	4	12.6	12.8	
2050	11	5	12.3	12.5	
2050	11	6	12	12.8	
2050	11	7	13.2	12.9	
2050	11	8	14.1	12.9	
2050	11	9	12.9	12.9	
2050	11	10	12.1	12.8	
2050	11	11	12.3	11.9	
2050	11	12	12.6	11.3	
2050	11	13	9.8	10.6	
2050	11	14	9.6	9.7	
2050	11	15	8.9	8.7	
2050	11	16	7.8	8	
2050	11	17	7.3	7.2	
2050	11	18	6.5	6.4	
2050	11	19	5.5	6.2	
2050	11	20	5.1	6.4	
2050	11	21	6.4	6.8	
2050	11	22	8.6	7.3	
2050	11	23	8.6	7.9	
2050	11	24	7.8	7.9	
2050	11	25	7.9	7.5	
2050	11	26	6.7	7.1	
2050	11	27	6.3	6.8	
2050	11	28	6.7	6.9	
2050	11	29	6.6	7.1	
2050	11	30	8.3	6.8	
2050	12	1	7.6	6.4	
2050	12	2	4.9	5.9	
2050	12	3	4.5	4.5	
2050	12	4	4.1	3.2	
2050	12	5	1.6	2.7	
2050	12	6	1.1	2.4	
2050	12	7	2.4	2.1	
2050	12	8	2.8	2.5	
2050	12	9	2.5	2.9	
2050	12	10	3.5	2.9	
2050	12	11	3.5	2.5	
2050	12	12	2.1	2	
2050	12	13	0.7	1.3	
2050	12	14	0	0.3	
2050	12	15	0.3	-0.4	
2050	12	16	-1.4	-0.5	
2050	12	17	-1.6	-0.4	
2050	12	18	0.3	-0.5	
2050	12	19	0.2	0.1	
2050	12	20	-0.2	0.9	
2050	12	21	2	1.4	
2050	12	22	2.3	1.8	
2050	12	23	2.5	2.2	
2050	12	24	2.2	2.3	
2050	12	25	2.2	2.2	
2050	12	26	2.2	1.7	
2050	12	27	1.8	1.1	
2050	12	28	0.2	0.6	
2050	12	29	-0.9	0	
2050	12	30	-0.3	-0.4	
2050	12	31	-0.6	-0.4	
2060	1	1	-0.2	-0.3	
2060	1	2	0.1	-0.4	
2060	1	3	-0.5	-0.5	
2060	1	4	-0.7	-0.6	
2060	1	5	-1.2	-0.9	
2060	1	6	-0.9	-1	
2060	1	7	-1.2	-1.2	
2060	1	8	-0.8	-1.4	
2060	1	9	-1.8	-1.7	
2060	1	10	-2.3	-1.8	
2060	1	11	-2.2	-1.8	
2060	1	12	-1.8	-1.5	
2060	1	13	-1	-1.1	
2060	1	14	-0.2	-0.7	
2060	1	15	-0.4	0	
2060	1	16	0.1	0.6	
2060	1	17	1.6	1	
2060	1	18	1.7	1.5	
2060	1	19	2	1.7	
2060	1	20	2.3	1.2	
2060	1	21	1	0.8	
2060	1	22	-1	0.5	
2060	1	23	-0.1	0.2	
2060	1	24	0.3	0.4	
2060	1	25	0.9	1	
2060	1	26	2.1	1.3	
2060	1	27	1.6	1.3	
2060	1	28	1.5	1.2	
2060	1	29	0.5	0.9	
2060	1	30	0.4	0.7	
2060	1	31	0.6	0.7	
2060	2	1	0.7	0.5	
2060	2	2	1.2	0.3	
2060	2	3	-0.4	0.2	
2060	2	4	-0.5	0	
2060	2	5	0.2	-0.4	
2060	2	6	-0.4	-0.2	
2060	2	7	-0.7	0	
2060	2	8	0.3	0.1	
2060	2	9	0.6	0.5	
2060	2	10	0.9	1.3	
2060	2	11	1.6	2	
2060	2	12	2.9	2.8	
2060	2	13	3.8	3.6	
2060	2	14	4.9	3.9	
2060	2	15	4.6	4.1	
2060	2	16	3.2	4.4	
2060	2	17	4.1	4.2	
2060	2	18	5.1	4	
2060	2	19	4	4.2	
2060	2	20	3.8	4	
2060	2	21	4	3.7	
2060	2	22	3.2	3.6	
2060	2	23	3.7	3.9	
2060	2	24	3.5	4.3	
2060	2	25	4.9	5	
2060	2	26	6.2	5.6	
2060	2	27	6.6	6.4	
2060	2	28	7	6.4	
2060	3	1	7.1	6.5	
2060	3	2	5.2	6.3	
2060	3	3	6.6	5.7	
2060	3	4	5.4	5.3	
2060	3	5	4.2	5.4	
2060	3	6	5.2	5	
2060	3	7	5.4	5	
2060	3	8	4.9	5.3	
2060	3	9	5.2	5.3	
2060	3	10	5.6	5.5	
2060	3	11	5.4	6	
2060	3	12	6.3	6.7	
2060	3	13	7.4	7.2	
2060	3	14	8.8	8	
2060	3	15	8.3	8.9	
2060	3	16	9.4	9.8	
2060	3	17	10.6	10.3	
2060	3	18	11.7	10.8	
2060	3	19	11.7	10.8	
2060	3	20	10.7	10.7	
2060	3	21	9.5	10.2	
2060	3	22	10.1	9.6	
2060	3	23	9.1	9.2	
2060	3	24	8.6	9	
2060	3	25	8.5	8.7	
2060	3	26	8.5	8.9	
2060	3	27	8.9	9.3	
2060	3	28	10	9.8	
2060	3	29	10.8	10.4	
2060	3	30	10.7	11	
2060	3	31	11.4	11.7	
2060	4	1	12	12.1	
2060	4	2	13.4	12.5	
2060	4	3	13.1	12.7	
2060	4	4	12.7	13	
2060	4	5	12.5	12.8	
2060	4	6	13.1	12.7	
2060	4	7	12.6	13	
2060	4	8	12.6	13.5	
2060	4	9	14.1	13.8	
2060	4	10	15.2	14	
2060	4	11	14.5	14.1	
2060	4	12	13.6	13.9	
2060	4	13	12.9	13.8	
2060	4	14	13.5	13.9	
2060	4	15	14.3	14.3	
2060	4	16	15.1	15	
2060	4	17	15.6	15.6	
2060	4	18	16.3	16	
2060	4	19	16.6	16.1	
2060	4	20	16.4	16.1	
2060	4	21	15.8	16	
2060	4	22	15.4	15.9	
2060	4	23	15.9	15.7	
2060	4	24	15.9	15.7	
2060	4	25	15.5	15.4	
2060	4	26	15.6	15.1	
2060	4	27	14.2	15	
2060	4	28	14.4	15.2	
2060	4	29	15.1	15.8	
2060	4	30	16.8	16.8	
2060	5	1	18.7	17.8	
2060	5	2	19	18.8	
2060	5	3	19.6	19.3	
2060	5	4	20.1	19.2	
2060	5	5	18.9	19.1	
2060	5	6	18.2	18.9	
2060	5	7	18.7	18.7	
2060	5	8	18.8	18.5	
2060	5	9	18.7	18.6	
2060	5	10	17.9	18.6	
2060	5	11	19.1	18.6	
2060	5	12	18.6	18.7	
2060	5	13	18.6	19.1	
2060	5	14	19.5	19.3	
2060	5	15	19.9	19.6	
2060	5	16	19.8	19.9	
2060	5	17	20	20	
2060	5	18	20.4	20.2	
2060	5	19	20.1	20.5	
2060	5	20	20.9	20.6	
2060	5	21	21	20.7	
2060	5	22	20.4	21.1	
2060	5	23	21.3	21.4	
2060	5	24	21.9	21.9	
2060	5	25	22.6	22.6	
2060	5	26	23.5	23.1	
2060	5	27	23.5	23.3	
2060	5	28	23.8	23.5	
2060	5	29	23.2	23.6	
2060	5	30	23.7	23.8	
2060	5	31	24	24	
2060	6	1	24.1	24.5	
2060	6	2	25.2	24.7	
2060	6	3	25.4	25	
2060	6	4	24.8	25.2	
2060	6	5	25.4	25.1	
2060	6	6	25	24.9	
2060	6	7	24.9	24.7	
2060	6	8	24.2	24.4	
2060	6	9	24	24.1	
2060	6	10	24	24.1	
2060	6	11	23.6	24	
2060	6	12	24.5	24.2	
2060	6	13	23.9	24.5	
2060	6	14	25.2	24.9	
2060	6	15	25.4	25	
2060	6	16	25.6	25.4	
2060	6	17	25.1	25.3	
2060	6	18	25.5	25.4	
2060	6	19	25.1	25.3	
2060	6	20	25.5	25.6	
2060	6	21	25.5	25.6	
2060	6	22	26.3	25.9	
2060	6	23	25.6	26	
2060	6	24	26.4	26.1	
2060	6	25	26.2	26.1	
2060	6	26	25.9	26.2	
2060	6	27	26.2	26.2	
2060	6	28	26.2	26.1	
2060	6	29	26.5	26.2	
2060	6	30	25.9	26.3	
2060	7	1	26.1	26.2	
2060	7	2	27	26.3	
2060	7	3	25.7	26.6	
2060	7	4	26.9	26.7	
2060	7	5	27.1	26.6	
2060	7	6	27	26.7	
2060	7	7	26.2	26.6	
2060	7	8	26.3	26.5	
2060	7	9	26.5	26.6	
2060	7	10	26.7	26.7	
2060	7	11	27.1	26.9	
2060	7	12	27	27.2	
2060	7	13	27.3	27.5	
2060	7	14	28.1	27.8	
2060	7	15	28.2	28.2	
2060	7	16	28.4	28.5	
2060	7	17	29	28.7	
2060	7	18	28.6	29	
2060	7	19	29.1	29.3	
2060	7	20	29.7	29.5	
2060	7	21	30.2	29.7	
2060	7	22	29.8	29.5	
2060	7	23	29.5	29.3	
2060	7	24	28.5	29.1	
2060	7	25	28.6	28.9	
2060	7	26	28.9	28.8	
2060	7	27	29.1	29	
2060	7	28	29.1	29	
2060	7	29	29.2	29	
2060	7	30	28.9	28.9	
2060	7	31	28.7	29	
2060	8	1	28.6	29.2	
2060	8	2	29.4	29.6	
2060	8	3	30.6	29.9	
2060	8	4	30.6	30.2	
2060	8	5	30.1	30.3	
2060	8	6	30.2	30.1	
2060	8	7	29.9	29.7	
2060	8	8	29.6	29.5	
2060	8	9	28.9	29.4	
2060	8	10	29.1	29.4	
2060	8	11	29.5	29.5	
2060	8	12	30	29.9	
2060	8	13	30.2	30.2	
2060	8	14	30.6	30.4	
2060	8	15	30.5	30.3	
2060	8	16	30.8	30	
2060	8	17	29.6	29.5	
2060	8	18	28.4	29	
2060	8	19	28.2	28.4	
2060	8	20	27.8	28	
2060	8	21	27.8	27.7	
2060	8	22	27.6	27.5	
2060	8	23	27	27.3	
2060	8	24	27.1	27.3	
2060	8	25	27.2	27.4	
2060	8	26	27.5	27.7	
2060	8	27	28.4	27.9	
2060	8	28	28.3	28	
2060	8	29	28	28.1	
2060	8	30	27.7	28	
2060	8	31	27.9	27.9	
2060	9	1	28.3	27.8	
2060	9	2	27.6	27.8	
2060	9	3	27.3	27.7	
2060	9	4	27.8	27.4	
2060	9	5	27.4	27.1	
2060	9	6	27.1	26.8	
2060	9	7	26	26.4	
2060	9	8	25.8	26	
2060	9	9	25.7	25.6	
2060	9	10	25.3	25.3	
2060	9	11	25	25.1	
2060	9	12	24.9	25	
2060	9	13	24.7	24.9	
2060	9	14	24.9	24.9	
2060	9	15	25	24.8	
2060	9	16	25.2	24.7	
2060	9	17	24	24.6	
2060	9	18	24.2	24.4	
2060	9	19	24.4	24.1	
2060	9	20	24.4	24	
2060	9	21	23.3	23.9	
2060	9	22	23.9	23.5	
2060	9	23	23.4	23.1	
2060	9	24	22.5	22.9	
2060	9	25	22.4	22.5	
2060	9	26	22.1	22.2	
2060	9	27	22.2	22.1	
2060	9	28	21.9	21.8	
2060	9	29	21.8	21.5	
2060	9	30	20.9	21.1	
2060	10	1	20.6	20.6	
2060	10	2	20.2	20.1	
2060	10	3	19.6	19.7	
2060	10	4	19.2	19.4	
2060	10	5	19	19.1	
2060	10	6	19	19	
2060	10	7	18.8	19.1	
2060	10	8	19.1	19.3	
2060	10	9	19.8	19.3	
2060	10	10	19.8	19.3	
2060	10	11	18.9	19	
2060	10	12	19	18.3	
2060	10	13	17.3	17.8	
2060	10	14	16.7	17.5	
2060	10	15	16.9	17.2	
2060	10	16	17.8	17.4	
2060	10	17	17.3	17.9	
2060	10	18	18.5	18.1	
2060	10	19	18.8	17.5	
2060	10	20	18	17.1	
2060	10	21	15	16.4	
2060	10	22	15.3	15.8	
2060	10	23	15.1	15.4	
2060	10	24	15.5	15.6	
2060	10	25	15.9	15.7	
2060	10	26	16.4	15.6	
2060	10	27	15.7	15.3	
2060	10	28	14.4	14.9	
2060	10	29	14.3	14.4	
2060	10	30	13.7	14.1	
2060	10	31	13.8	14.2	
2060	11	1	14.2	14.4	
2060	11	2	15.1	14.4	
2060	11	3	15.3	14.3	
2060	11	4	13.8	14.2	
2060	11	5	13.3	13.9	
2060	11	6	13.6	13.4	
2060	11	7	13.4	13	
2060	11	8	12.7	12.8	
2060	11	9	12.2	12.3	
2060	11	10	12	11.8	
2060	11	11	11.1	11.1	
2060	11	12	10.8	10.4	
2060	11	13	9.6	9.8	
2060	11	14	8.4	9.5	
2060	11	15	9.1	9.1	
2060	11	16	9.6	8.6	
2060	11	17	8.8	8.5	
2060	11	18	7.2	8.3	
2060	11	19	8	7.9	
2060	11	20	7.8	7.7	
2060	11	21	7.7	8	
2060	11	22	8	8.4	
2060	11	23	8.5	8.7	
2060	11	24	10	8.9	
2060	11	25	9.5	9.3	
2060	11	26	8.6	9.7	
2060	11	27	10	9.4	
2060	11	28	10.6	9.1	
2060	11	29	8.1	9.2	
2060	11	30	8.4	8.8	
2060	12	1	9.1	7.7	
2060	12	2	7.7	6.9	
2060	12	3	5.4	5.5	
2060	12	4	3.7	4.1	
2060	12	5	1.7	3.1	
2060	12	6	2.2	2.8	
2060	12	7	2.5	2.8	
2060	12	8	3.8	3	
2060	12	9	3.6	3.3	
2060	12	10	3.1	3.7	
2060	12	11	3.6	3.5	
2060	12	12	4.6	2.9	
2060	12	13	2.5	2.5	
2060	12	14	0.9	2.1	
2060	12	15	1	1.5	
2060	12	16	1.4	1.4	
2060	12	17	1.8	1.6	
2060	12	18	1.9	2	
2060	12	19	2.1	2.1	
2060	12	20	2.9	1.9	
2060	12	21	1.8	1.7	
2060	12	22	0.8	1.3	
2060	12	23	0.8	0.7	
2060	12	24	0.2	0.4	
2060	12	25	0.1	0.1	
2060	12	26	0	-0.3	
2060	12	27	-0.5	-0.5	
2060	12	28	-1.1	-0.8	
2060	12	29	-1.1	-1	
2060	12	30	-1.4	-0.8	
2060	12	31	-1.1	-0.5	
2070	1	1	0.5	-0.2	
2070	1	2	0.6	0.2	
2070	1	3	0.2	0.7	
2070	1	4	0.7	0.9	
2070	1	5	1.5	0.9	
2070	1	6	1.4	1.1	
2070	1	7	0.8	1	
2070	1	8	0.9	1	
2070	1	9	0.6	0.9	
2070	1	10	1.2	0.8	
2070	1	11	1.2	0.7	
2070	1	12	0.3	0.8	
2070	1	13	0.2	0.8	
2070	1	14	1.1	0.8	
2070	1	15	1.1	1.3	
2070	1	16	1.3	1.9	
2070	1	17	2.8	2.4	
2070	1	18	3.4	2.5	
2070	1	19	3.2	2.1	
2070	1	20	2	1.5	
2070	1	21	-0.7	0.8	
2070	1	22	-0.3	0.2	
2070	1	23	-0.2	-0.4	
2070	1	24	0	-0.3	
2070	1	25	-0.6	-0.1	
2070	1	26	-0.4	0.3	
2070	1	27	0.6	0.5	
2070	1	28	1.8	0.5	
2070	1	29	1	0.5	
2070	1	30	-0.3	0.3	
2070	1	31	-0.4	0	
2070	2	1	-0.5	-0.1	
2070	2	2	0.4	0.1	
2070	2	3	0.1	0.2	
2070	2	4	0.7	0.2	
2070	2	5	0.5	0.2	
2070	2	6	-0.5	0.5	
2070	2	7	0.1	1.1	
2070	2	8	1.8	1.9	
2070	2	9	3.6	3	
2070	2	10	4.5	4.1	
2070	2	11	4.8	4.8	
2070	2	12	5.8	5	
2070	2	13	5.5	4.7	
2070	2	14	4.2	4.4	
2070	2	15	3.4	4.1	
2070	2	16	2.9	3.7	
2070	2	17	4.3	3.8	
2070	2	18	3.6	4.4	
2070	2	19	4.9	4.9	
2070	2	20	6.4	4.7	
2070	2	21	5.4	4.8	
2070	2	22	3.2	4.5	
2070	2	23	4	4.1	
2070	2	24	3.6	4.4	
2070	2	25	4.4	5.3	
2070	2	26	6.9	6	
2070	2	27	7.8	6.9	
2070	2	28	7.5	7.9	
2070	3	1	8.1	8.1	
2070	3	2	9.3	7.7	
2070	3	3	7.8	7	
2070	3	4	5.6	6.5	
2070	3	5	4.3	5.8	
2070	3	6	5.6	5.3	
2070	3	7	5.7	5.4	
2070	3	8	5.1	6	
2070	3	9	6.3	6.4	
2070	3	10	7.5	6.8	
2070	3	11	7.2	7	
2070	3	12	8.1	7.2	
2070	3	13	6	7.2	
2070	3	14	7.1	7.5	
2070	3	15	7.6	7.9	
2070	3	16	8.9	8.8	
2070	3	17	9.9	9.4	
2070	3	18	10.3	10	
2070	3	19	10.2	10.3	
2070	3	20	10.6	10.5	
2070	3	21	10.6	10.7	
2070	3	22	10.9	10.7	
2070	3	23	11	10.5	
2070	3	24	10.5	10.4	
2070	3	25	9.7	10.3	
2070	3	26	9.9	10.4	
2070	3	27	10.5	10.2	
2070	3	28	11.3	10.3	
2070	3	29	9.7	10.3	
2070	3	30	10	10.3	
2070	3	31	10.1	10.4	
2070	4	1	10.2	11	
2070	4	2	12.1	11.4	
2070	4	3	12.4	12	
2070	4	4	12.2	12.8	
2070	4	5	13	13.2	
2070	4	6	14.1	13.7	
2070	4	7	14.2	14.4	
2070	4	8	15	15	
2070	4	9	15.7	15.1	
2070	4	10	16	15.1	
2070	4	11	14.5	14.7	
2070	4	12	14.1	14.4	
2070	4	13	13.3	14.2	
2070	4	14	14.2	14.3	
2070	4	15	15.1	14.8	
2070	4	16	14.9	15.4	
2070	4	17	16.3	16	
2070	4	18	16.3	16.2	
2070	4	19	17.2	16.5	
2070	4	20	16.3	16.4	
2070	4	21	16.3	16.4	
2070	4	22	16	16.1	
2070	4	23	16.1	15.8	
2070	4	24	15.6	15.3	
2070	4	25	14.8	15.3	
2070	4	26	14	15.6	
2070	4	27	16	16.2	
2070	4	28	17.6	17.2	
2070	4	29	18.6	18.4	
2070	4	30	20	19.2	
2070	5	1	20	19.6	
2070	5	2	20	19.8	
2070	5	3	19.5	19.6	
2070	5	4	19.6	19.5	
2070	5	5	19	19.4	
2070	5	6	19.4	19.4	
2070	5	7	19.5	19.3	
2070	5	8	19.7	19.1	
2070	5	9	18.9	19	
2070	5	10	18.2	18.9	
2070	5	11	18.8	18.8	
2070	5	12	19.1	19	
2070	5	13	19.2	19.6	
2070	5	14	19.7	20	
2070	5	15	21	20.5	
2070	5	16	20.8	20.9	
2070	5	17	21.8	21	
2070	5	18	21.4	20.8	
2070	5	19	20.2	20.9	
2070	5	20	19.8	21	
2070	5	21	21.3	21.3	
2070	5	22	22.1	21.8	
2070	5	23	23	22.6	
2070	5	24	22.8	23.3	
2070	5	25	23.9	23.8	
2070	5	26	24.5	24.1	
2070	5	27	24.8	24.5	
2070	5	28	24.5	24.7	
2070	5	29	25	24.7	
2070	5	30	24.6	24.7	
2070	5	31	24.7	24.6	
2070	6	1	24.6	24.5	
2070	6	2	24.1	24.6	
2070	6	3	24.5	24.6	
2070	6	4	25	24.6	
2070	6	5	25	24.8	
2070	6	6	24.5	24.8	
2070	6	7	25	24.6	
2070	6	8	24.5	24.4	
2070	6	9	24.1	24.4	
2070	6	10	24.1	24.3	
2070	6	11	24.2	24.3	
2070	6	12	24.7	24.3	
2070	6	13	24.3	24.4	
2070	6	14	24.1	24.5	
2070	6	15	24.9	24.7	
2070	6	16	24.5	25	
2070	6	17	25.7	25.3	
2070	6	18	25.8	25.4	
2070	6	19	25.5	25.8	
2070	6	20	25.7	26.1	
2070	6	21	26.5	26.3	
2070	6	22	27.1	26.6	
2070	6	23	26.9	26.7	
2070	6	24	26.7	26.6	
2070	6	25	26.3	26.5	
2070	6	26	25.9	26.7	
2070	6	27	26.7	27	
2070	6	28	27.7	27.3	
2070	6	29	28.2	27.6	
2070	6	30	28	27.8	
2070	7	1	27.4	27.7	
2070	7	2	27.6	27.6	
2070	7	3	27.4	27.6	
2070	7	4	27.5	27.6	
2070	7	5	28	27.6	
2070	7	6	27.5	27.4	
2070	7	7	27.4	27.2	
2070	7	8	26.7	26.9	
2070	7	9	26.6	26.7	
2070	7	10	26.5	26.7	
2070	7	11	26.3	26.8	
2070	7	12	27.2	26.8	
2070	7	13	27.3	26.9	
2070	7	14	26.7	27.2	
2070	7	15	27.1	27.4	
2070	7	16	27.6	27.6	
2070	7	17	28.2	28.1	
2070	7	18	28.2	28.7	
2070	7	19	29.4	29.2	
2070	7	20	30.2	29.6	
2070	7	21	30.2	30	
2070	7	22	29.8	30	
2070	7	23	30.3	29.8	
2070	7	24	29.7	29.6	
2070	7	25	29.2	29.4	
2070	7	26	28.9	29.3	
2070	7	27	29.1	29.2	
2070	7	28	29.4	29.1	
2070	7	29	29.2	29.1	
2070	7	30	28.7	29	
2070	7	31	28.9	28.9	
2070	8	1	29	29	
2070	8	2	28.8	29.3	
2070	8	3	29.6	29.4	
2070	8	4	30	29.4	
2070	8	5	29.4	29.5	
2070	8	6	29.4	29.6	
2070	8	7	29.3	29.6	
2070	8	8	29.8	30	
2070	8	9	30.3	30.4	
2070	8	10	31.2	30.9	
2070	8	11	31.6	31.2	
2070	8	12	31.5	31.6	
2070	8	13	31.6	31.6	
2070	8	14	32	31.4	
2070	8	15	31.3	31.1	
2070	8	16	30.5	30.6	
2070	8	17	29.9	30	
2070	8	18	29.5	29.4	
2070	8	19	28.9	28.9	
2070	8	20	28.2	28.6	
2070	8	21	28.2	28.4	
2070	8	22	28.3	28.1	
2070	8	23	28.5	27.8	
2070	8	24	27.4	27.8	
2070	8	25	26.8	27.7	
2070	8	26	27.8	27.8	
2070	8	27	27.9	28.1	
2070	8	28	28.9	28.5	
2070	8	29	29	28.6	
2070	8	30	28.7	28.6	
2070	8	31	28.4	28.5	
2070	9	1	28.2	28.4	
2070	9	2	28.1	28.3	
2070	9	3	28.5	28.2	
2070	9	4	28.4	28.1	
2070	9	5	27.8	27.9	
2070	9	6	27.8	27.6	
2070	9	7	27.2	27.3	
2070	9	8	26.9	27.1	
2070	9	9	26.7	26.8	
2070	9	10	26.8	26.6	
2070	9	11	26.6	26.4	
2070	9	12	26.1	26.3	
2070	9	13	25.7	26.1	
2070	9	14	26.4	25.8	
2070	9	15	25.7	25.7	
2070	9	16	25.2	25.6	
2070	9	17	25.3	25.4	
2070	9	18	25.2	25.3	
2070	9	19	25.6	25.2	
2070	9	20	25	25.1	
2070	9	21	24.8	24.9	
2070	9	22	25	24.6	
2070	9	23	24.1	24.4	
2070	9	24	24.1	24.2	
2070	9	25	24.2	23.9	
2070	9	26	23.5	23.9	
2070	9	27	23.6	23.9	
2070	9	28	24.3	23.7	
2070	9	29	24	23.6	
2070	9	30	23.1	23.4	
2070	10	1	22.8	22.9	
2070	10	2	22.6	22.3	
2070	10	3	21.8	21.6	
2070	10	4	21.1	20.9	
2070	10	5	19.6	20.5	
2070	10	6	19.6	20.2	
2070	10	7	20.2	20	
2070	10	8	20.4	19.9	
2070	10	9	20.1	19.7	
2070	10	10	19.3	19.2	
2070	10	11	18.5	18.4	
2070	10	12	17.5	18	
2070	10	13	16.7	17.6	
2070	10	14	17.8	17.6	
2070	10	15	17.7	17.8	
2070	10	16	18.1	18.4	
2070	10	17	18.8	18.6	
2070	10	18	19.4	18.9	
2070	10	19	18.9	18.9	
2070	10	20	19.2	18.4	
2070	10	21	18	17.9	
2070	10	22	16.6	17.4	
2070	10	23	16.6	17.1	
2070	10	24	16.7	16.7	
2070	10	25	17.5	16.1	
2070	10	26	16	15.2	
2070	10	27	13.5	14.3	
2070	10	28	12.1	13.2	
2070	10	29	12.3	12.4	
2070	10	30	11.9	12.3	
2070	10	31	12.3	12.6	
2070	11	1	12.9	12.7	
2070	11	2	13.4	12.9	
2070	11	3	13.1	13.2	
2070	11	4	13	13.1	
2070	11	5	13.4	12.8	
2070	11	6	12.8	12.9	
2070	11	7	11.8	13	
2070	11	8	13.6	13	
2070	11	9	13.4	12.9	
2070	11	10	13.2	12.8	
2070	11	11	12.5	12.2	
2070	11	12	11.3	11.7	
2070	11	13	10.4	10.6	
2070	11	14	11	9.4	
2070	11	15	7.7	8.3	
2070	11	16	6.5	7.5	
2070	11	17	5.9	6.7	
2070	11	18	6.2	6.6	
2070	11	19	7.3	7	
2070	11	20	7.1	7.7	
2070	11	21	8.5	8.3	
2070	11	22	9.5	8.6	
2070	11	23	8.9	9.4	
2070	11	24	9.2	9.6	
2070	11	25	10.7	9.5	
2070	11	26	9.5	9.7	
2070	11	27	9.2	9.9	
2070	11	28	10	9.7	
2070	11	29	10	9.5	
2070	11	30	9.7	9.4	
2070	12	1	8.5	8.9	
2070	12	2	8.9	7.8	
2070	12	3	7.3	6.5	
2070	12	4	4.5	5.3	
2070	12	5	3.2	4.2	
2070	12	6	2.8	3.5	
2070	12	7	3.4	3.1	
2070	12	8	3.6	3.3	
2070	12	9	2.3	3.5	
2070	12	10	4.2	3.3	
2070	12	11	3.8	2.9	
2070	12	12	2.7	2.5	
2070	12	13	1.4	1.8	
2070	12	14	0.5	1.1	
2070	12	15	0.6	0.9	
2070	12	16	0.4	1.2	
2070	12	17	1.6	1.9	
2070	12	18	2.8	2.7	
2070	12	19	4	3.6	
2070	12	20	4.6	4.3	
2070	12	21	5	4.8	
2070	12	22	5.3	5	
2070	12	23	5	4.8	
2070	12	24	5.3	4.4	
2070	12	25	3.4	3.7	
2070	12	26	3.1	3	
2070	12	27	1.6	2.1	
2070	12	28	1.8	1.3	
2070	12	29	0.5	0.5	
2070	12	30	-0.7	0.4	
2070	12	31	-0.9	0.2	
2080	1	1	1.2	0.1	
2080	1	2	1.1	0.4	
2080	1	3	-0.2	0.7	
2080	1	4	0.7	0.7	
2080	1	5	0.9	0.6	
2080	1	6	1.1	0.8	
2080	1	7	0.4	0.9	
2080	1	8	0.8	1.1	
2080	1	9	1.4	1.4	
2080	1	10	1.9	2.1	
2080	1	11	2.6	2.7	
2080	1	12	3.7	3	
2080	1	13	3.8	3.2	
2080	1	14	2.9	3.3	
2080	1	15	2.8	3.4	
2080	1	16	3.2	3.4	
2080	1	17	4.2	3.5	
2080	1	18	4	3.5	
2080	1	19	3.4	3.5	
2080	1	20	2.9	3	
2080	1	21	3	2.4	
2080	1	22	1.6	2	
2080	1	23	1	1.9	
2080	1	24	1.5	1.9	
2080	1	25	2.4	2.1	
2080	1	26	3.2	2.6	
2080	1	27	2.6	2.9	
2080	1	28	3.1	2.9	
2080	1	29	3	2.6	
2080	1	30	2.4	2.3	
2080	1	31	1.8	2	
2080	2	1	1.1	1.5	
2080	2	2	1.5	1.1	
2080	2	3	0.8	1.2	
2080	2	4	0.3	1.4	
2080	2	5	2.4	1.4	
2080	2	6	2.2	1.8	
2080	2	7	1.3	2.6	
2080	2	8	2.6	3.2	
2080	2	9	4.6	3.7	
2080	2	10	5.1	4.4	
2080	2	11	4.8	5	
2080	2	12	5.1	5.2	
2080	2	13	5.5	5.2	
2080	2	14	5.7	5.5	
2080	2	15	5.1	5.5	
2080	2	16	6.1	5.5	
2080	2	17	5.3	5.5	
2080	2	18	5.2	6	
2080	2	19	5.9	5.8	
2080	2	20	7.5	5.7	
2080	2	21	5	5.9	
2080	2	22	5	6	
2080	2	23	6	5.7	
2080	2	24	6.4	5.9	
2080	2	25	5.9	6.6	
2080	2	26	6.2	7	
2080	2	27	8.5	7.5	
2080	2	28	7.9	8	
2080	3	1	9.1	8.3	
2080	3	2	8.4	7.9	
2080	3	3	7.6	7.3	
2080	3	4	6.7	6.4	
2080	3	5	4.9	5.5	
2080	3	6	4.4	4.9	
2080	3	7	3.9	4.7	
2080	3	8	4.6	5.1	
2080	3	9	5.8	5.8	
2080	3	10	6.9	6.4	
2080	3	11	7.7	6.9	
2080	3	12	7.1	7.4	
2080	3	13	7.1	8.1	
2080	3	14	8.2	8.7	
2080	3	15	10.3	9.6	
2080	3	16	10.9	10.5	
2080	3	17	11.3	11.5	
2080	3	18	11.7	12	
2080	3	19	13.1	12.2	
2080	3	20	13.2	11.9	
2080	3	21	11.5	11.7	
2080	3	22	9.9	11.2	
2080	3	23	10.6	10.4	
2080	3	24	10.6	9.9	
2080	3	25	9.5	9.8	
2080	3	26	8.9	9.7	
2080	3	27	9.5	9.8	
2080	3	28	10.2	10.4	
2080	3	29	10.9	11.2	
2080	3	30	12.3	12.2	
2080	3	31	13.3	12.9	
2080	4	1	14.4	13.4	
2080	4	2	13.7	13.5	
2080	4	3	13.3	13.7	
2080	4	4	13	13.5	
2080	4	5	14	13.4	
2080	4	6	13.6	13.6	
2080	4	7	13.1	14.1	
2080	4	8	14.2	14.6	
2080	4	9	15.6	15.2	
2080	4	10	16.6	15.6	
2080	4	11	16.3	16	
2080	4	12	15.3	15.7	
2080	4	13	16	15.4	
2080	4	14	14.2	15.5	
2080	4	15	15.1	15.9	
2080	4	16	16.8	16.2	
2080	4	17	17.2	17	
2080	4	18	17.6	17.6	
2080	4	19	18.1	17.8	
2080	4	20	18.3	17.8	
2080	4	21	17.7	17.6	
2080	4	22	17.1	17.1	
2080	4	23	16.7	16.4	
2080	4	24	15.7	16	
2080	4	25	14.9	16	
2080	4	26	15.5	16.2	
2080	4	27	17.1	17.1	
2080	4	28	17.9	18.2	
2080	4	29	19.9	19.6	
2080	4	30	20.8	20.8	
2080	5	1	22.1	21.8	
2080	5	2	23.4	22.2	
2080	5	3	22.8	22.4	
2080	5	4	22	22.3	
2080	5	5	21.6	21.5	
2080	5	6	21.5	20.9	
2080	5	7	19.8	20.5	
2080	5	8	19.4	20.1	
2080	5	9	20	19.6	
2080	5	10	19.8	19.5	
2080	5	11	19	19.4	
2080	5	12	19.2	19.3	
2080	5	13	18.8	19.7	
2080	5	14	19.9	20.2	
2080	5	15	21.7	20.6	
2080	5	16	21.3	21.1	
2080	5	17	21.2	21.3	
2080	5	18	21.4	21	
2080	5	19	20.8	20.9	
2080	5	20	20.1	20.8	
2080	5	21	20.9	20.9	
2080	5	22	21	21.5	
2080	5	23	21.5	22.4	
2080	5	24	23.8	23.4	
2080	5	25	25	24.2	
2080	5	26	25.5	25.2	
2080	5	27	25.4	25.6	
2080	5	28	26.1	25.9	
2080	5	29	25.8	26.2	
2080	5	30	26.9	26.4	
2080	5	31	26.7	26.4	
2080	6	1	26.3	26.6	
2080	6	2	26.4	26.6	
2080	6	3	26.9	26.4	
2080	6	4	26.8	26.3	
2080	6	5	25.6	26.2	
2080	6	6	25.9	26	
2080	6	7	25.8	25.9	
2080	6	8	25.9	26	
2080	6	9	26.4	26.1	
2080	6	10	25.9	25.9	
2080	6	11	26.3	25.7	
2080	6	12	25.1	25.5	
2080	6	13	24.8	25.7	
2080	6	14	25.3	25.8	
2080	6	15	27	26.1	
2080	6	16	26.6	26.4	
2080	6	17	26.6	26.7	
2080	6	18	26.7	26.7	
2080	6	19	26.6	26.7	
2080	6	20	26.9	26.7	
2080	6	21	26.8	26.8	
2080	6	22	26.4	26.8	
2080	6	23	27.1	26.8	
2080	6	24	26.8	27	
2080	6	25	27.1	27.2	
2080	6	26	27.6	27.3	
2080	6	27	27.6	27.3	
2080	6	28	27.4	27.5	
2080	6	29	27	27.6	
2080	6	30	27.7	27.7	
2080	7	1	28.1	27.7	
2080	7	2	28.4	27.8	
2080	7	3	27.2	27.9	
2080	7	4	27.8	28	
2080	7	5	28.2	28	
2080	7	6	28.3	28.2	
2080	7	7	28.3	28.1	
2080	7	8	28.3	28.1	
2080	7	9	27.6	27.9	
2080	7	10	27.9	27.7	
2080	7	11	27.2	27.7	
2080	7	12	27.7	27.9	
2080	7	13	28.2	28.2	
2080	7	14	28.5	28.7	
2080	7	15	29.4	29.1	
2080	7	16	29.6	29.3	
2080	7	17	29.8	29.6	
2080	7	18	29.3	29.9	
2080	7	19	29.7	30	
2080	7	20	31	30	
2080	7	21	30.3	30.2	
2080	7	22	29.8	30.2	
2080	7	23	30	30.1	
2080	7	24	29.9	30.2	
2080	7	25	30.3	30.2	
2080	7	26	30.9	30.3	
2080	7	27	29.8	30.5	
2080	7	28	30.8	30.6	
2080	7	29	30.9	30.6	
2080	7	30	30.8	30.8	
2080	7	31	30.7	30.8	
2080	8	1	30.6	30.8	
2080	8	2	31.2	30.8	
2080	8	3	30.9	30.7	
2080	8	4	30.7	30.5	
2080	8	5	30.1	30.2	
2080	8	6	29.8	29.9	
2080	8	7	29.4	29.7	
2080	8	8	29.4	29.8	
2080	8	9	29.7	30	
2080	8	10	30.5	30.4	
2080	8	11	31.1	30.7	
2080	8	12	31.2	31	
2080	8	13	31.2	31.3	
2080	8	14	31.2	31.3	
2080	8	15	31.7	31.3	
2080	8	16	31.3	31.1	
2080	8	17	31.1	30.7	
2080	8	18	30.1	30	
2080	8	19	29.5	29.4	
2080	8	20	28	28.9	
2080	8	21	28.4	28.4	
2080	8	22	28.4	27.8	
2080	8	23	27.5	27.8	
2080	8	24	26.9	27.9	
2080	8	25	27.8	28.1	
2080	8	26	28.7	28.5	
2080	8	27	29.5	29	
2080	8	28	29.7	29.4	
2080	8	29	29.3	29.6	
2080	8	30	29.7	29.6	
2080	8	31	29.7	29.7	
2080	9	1	29.8	29.7	
2080	9	2	30	29.6	
2080	9	3	29.3	29.4	
2080	9	4	29.3	29	
2080	9	5	28.8	28.4	
2080	9	6	27.5	27.9	
2080	9	7	27	27.3	
2080	9	8	26.9	26.9	
2080	9	9	26.4	26.6	
2080	9	10	26.5	26.6	
2080	9	11	26.1	26.6	
2080	9	12	27	26.8	
2080	9	13	27	26.9	
2080	9	14	27.2	27.1	
2080	9	15	27.1	27.1	
2080	9	16	27.1	27	
2080	9	17	26.9	26.6	
2080	9	18	26.5	26.1	
2080	9	19	25.5	25.4	
2080	9	20	24.5	24.7	
2080	9	21	23.6	24	
2080	9	22	23.4	23.5	
2080	9	23	22.8	23.3	
2080	9	24	23.1	23.3	
2080	9	25	23.5	23.4	
2080	9	26	23.8	23.6	
2080	9	27	23.9	23.7	
2080	9	28	23.9	23.5	
2080	9	29	23.4	23.1	
2080	9	30	22.7	22.7	
2080	10	1	21.8	22.1	
2080	10	2	21.6	21.7	
2080	10	3	21.2	21.4	
2080	10	4	21.4	21.1	
2080	10	5	20.8	21	
2080	10	6	20.7	21	
2080	10	7	20.7	20.8	
2080	10	8	21.3	20.7	
2080	10	9	20.5	20.7	
2080	10	10	20.5	20.6	
2080	10	11	20.6	20.2	
2080	10	12	20.3	20	
2080	10	13	19.1	19.9	
2080	10	14	19.3	19.6	
2080	10	15	20	19.5	
2080	10	16	19.3	19.6	
2080	10	17	19.7	19.6	
2080	10	18	19.7	19.5	
2080	10	19	19.4	19.6	
2080	10	20	19.4	19.3	
2080	10	21	19.6	18.8	
2080	10	22	18.4	18.3	
2080	10	23	17.4	17.6	
2080	10	24	16.9	16.8	
2080	10	25	15.8	16.2	
2080	10	26	15.7	15.8	
2080	10	27	15.2	15.5	
2080	10	28	15.6	15.1	
2080	10	29	15	14.7	
2080	10	30	14	14.5	
2080	10	31	13.8	14	
2080	11	1	13.9	13.7	
2080	11	2	13.2	13.5	
2080	11	3	13.5	13.4	
2080	11	4	13.2	13.1	
2080	11	5	13	12.9	
2080	11	6	12.8	12.9	
2080	11	7	12	13.1	
2080	11	8	13.5	13.2	
2080	11	9	14.4	13.4	
2080	11	10	13.4	13.5	
2080	11	11	13.8	13	
2080	11	12	12.6	12.2	
2080	11	13	10.7	11.4	
2080	11	14	10.6	10.2	
2080	11	15	9.4	9.3	
2080	11	16	7.7	8.8	
2080	11	17	8.3	8.6	
2080	11	18	8.2	8.5	
2080	11	19	9.4	8.9	
2080	11	20	9.1	9.1	
2080	11	21	9.5	9.5	
2080	11	22	9.4	9.9	
2080	11	23	10.2	10.1	
2080	11	24	11.2	10.2	
2080	11	25	10.3	10.2	
2080	11	26	9.7	10.2	
2080	11	27	9.6	9.9	
2080	11	28	10.1	9.8	
2080	11	29	9.9	10	
2080	11	30	9.8	10.4	
2080	12	1	10.6	10.4	
2080	12	2	11.8	9.9	
2080	12	3	10.1	8.9	
2080	12	4	7.2	7.6	
2080	12	5	4.7	6.1	
2080	12	6	4.1	5.2	
2080	12	7	4.4	5	
2080	12	8	5.5	5.7	
2080	12	9	6.4	6.4	
2080	12	10	8	6.7	
2080	12	11	7.8	6.5	
2080	12	12	5.9	6.1	
2080	12	13	4.4	5.2	
2080	12	14	4.3	4.1	
2080	12	15	3.4	3.5	
2080	12	16	2.4	3.7	
2080	12	17	2.9	3.7	
2080	12	18	5.3	3.9	
2080	12	19	4.6	4.3	
2080	12	20	4.2	4.6	
2080	12	21	4.6	4.5	
2080	12	22	4.5	4.3	
2080	12	23	4.6	3.9	
2080	12	24	3.7	3.4	
2080	12	25	2.2	2.8	
2080	12	26	2	1.9	
2080	12	27	1.3	1.2	
2080	12	28	0.3	0.8	
2080	12	29	0.1	0.4	
2080	12	30	0.2	0.4	
2080	12	31	0.3	0.4	
2090	1	1	1.3	0.3	
2090	1	2	0	0.7	
2090	1	3	-0.1	1.2	
2090	1	4	2	1.6	
2090	1	5	2.7	2.3	
2090	1	6	3.4	3.3	
2090	1	7	3.3	3.7	
2090	1	8	5.2	3.4	
2090	1	9	3.7	3	
2090	1	10	1.4	2.8	
2090	1	11	1.6	2.1	
2090	1	12	2	1.9	
2090	1	13	1.9	2.1	
2090	1	14	2.4	2.4	
2090	1	15	2.8	2.7	
2090	1	16	3.1	3.2	
2090	1	17	3.4	3.6	
2090	1	18	4.2	3.9	
2090	1	19	4.4	3.9	
2090	1	20	4.4	3.9	
2090	1	21	3.3	3.4	
2090	1	22	3.3	2.9	
2090	1	23	1.6	2.3	
2090	1	24	1.9	2.1	
2090	1	25	1.5	1.9	
2090	1	26	2.1	2.5	
2090	1	27	2.6	3.2	
2090	1	28	4.2	3.9	
2090	1	29	5.6	4.5	
2090	1	30	5.2	4.8	
2090	1	31	4.7	4.4	
2090	2	1	4.1	3.5	
2090	2	2	2.5	2.5	
2090	2	3	1	2.1	
2090	2	4	0.4	2	
2090	2	5	2.3	2.2	
2090	2	6	3.6	2.9	
2090	2	7	3.9	3.4	
2090	2	8	4.3	3.6	
2090	2	9	3	3.5	
2090	2	10	3.3	3.5	
2090	2	11	3	3.4	
2090	2	12	3.7	3.6	
2090	2	13	4	3.7	
2090	2	14	4	3.8	
2090	2	15	3.7	4.1	
2090	2	16	3.6	4.2	
2090	2	17	5	4.4	
2090	2	18	4.9	4.9	
2090	2	19	5	5.5	
2090	2	20	6	5.9	
2090	2	21	6.7	6.3	
2090	2	22	6.8	6.9	
2090	2	23	7.1	7.3	
2090	2	24	7.9	7.4	
2090	2	25	8.2	7.3	
2090	2	26	7.2	7.2	
2090	2	27	5.9	7.3	
2090	2	28	6.9	7.5	
2090	3	1	8.4	7.7	
2090	3	2	9.1	8.2	
2090	3	3	8.3	8.4	
2090	3	4	8.1	8.2	
2090	3	5	7.9	7.9	
2090	3	6	7.4	7.6	
2090	3	7	7.9	7.3	
2090	3	8	6.9	7.2	
2090	3	9	6.3	7.3	
2090	3	10	7.6	7.4	
2090	3	11	7.8	8.1	
2090	3	12	8.4	9	
2090	3	13	10.5	9.6	
2090	3	14	10.7	10.5	
2090	3	15	10.7	11.5	
2090	3	16	12.1	12.2	
2090	3	17	13.5	12.8	
2090	3	18	14.1	12.9	
2090	3	19	13.5	12.5	
2090	3	20	11.4	11.7	
2090	3	21	9.9	11	
2090	3	22	9.7	10.7	
2090	3	23	10.6	10.6	
2090	3	24	12.1	10.7	
2090	3	25	10.6	10.9	
2090	3	26	10.4	11	
2090	3	27	10.7	11	
2090	3	28	11.4	11.4	
2090	3	29	11.9	12	
2090	3	30	12.5	12.7	
2090	3	31	13.3	13.3	
2090	4	1	14.2	13.7	
2090	4	2	14.5	14	
2090	4	3	14	14.1	
2090	4	4	14.1	14.1	
2090	4	5	13.6	14	
2090	4	6	14.1	14	
2090	4	7	14.2	14	
2090	4	8	13.9	14.2	
2090	4	9	14.2	14.4	
2090	4	10	14.7	14.4	
2090	4	11	14.8	14.5	
2090	4	12	14.3	14.7	
2090	4	13	14.6	14.9	
2090	4	14	15.1	15.2	
2090	4	15	15.7	15.6	
2090	4	16	16.3	16.1	
2090	4	17	16.3	16.6	
2090	4	18	17.1	17.2	
2090	4	19	17.8	17.4	
2090	4	20	18.3	17.8	
2090	4	21	17.4	17.9	
2090	4	22	18.2	17.8	
2090	4	23	17.6	17.6	
2090	4	24	17.6	17.4	
2090	4	25	17.2	17.2	
2090	4	26	16.5	17.3	
2090	4	27	17	17.5	
2090	4	28	18.4	18	
2090	4	29	18.3	19.1	
2090	4	30	19.8	20	
2090	5	1	22	20.5	
2090	5	2	21.5	21.5	
2090	5	3	21	21.9	
2090	5	4	23.1	21.9	
2090	5	5	22	21.7	
2090	5	6	21.7	21.7	
2090	5	7	20.9	21.3	
2090	5	8	20.6	21.2	
2090	5	9	21.1	21	
2090	5	10	21.9	21	
2090	5	11	20.5	21.1	
2090	5	12	20.9	21.2	
2090	5	13	20.9	21.3	
2090	5	14	22	21.8	
2090	5	15	22.2	22.1	
2090	5	16	22.8	22.3	
2090	5	17	22.4	22.4	
2090	5	18	22.3	22.5	
2090	5	19	22.5	22.5	
2090	5	20	22.6	22.6	
2090	5	21	22.6	22.7	
2090	5	22	23	22.9	
2090	5	23	22.9	23.1	
2090	5	24	23.2	23.4	
2090	5	25	23.7	23.7	
2090	5	26	24.2	24.1	
2090	5	27	24.7	24.7	
2090	5	28	24.8	25.2	
2090	5	29	26.3	25.7	
2090	5	30	26.1	26.1	
2090	5	31	26.6	26.5	
2090	6	1	26.8	26.6	
2090	6	2	26.8	26.5	
2090	6	3	26.6	26.4	
2090	6	4	25.9	26.2	
2090	6	5	25.8	26	
2090	6	6	25.9	25.6	
2090	6	7	25.7	25.4	
2090	6	8	24.6	25.2	
2090	6	9	24.8	25.2	
2090	6	10	25.2	25.1	
2090	6	11	25.7	25.1	
2090	6	12	25	25.2	
2090	6	13	24.9	25.5	
2090	6	14	25.3	25.8	
2090	6	15	26.5	26.2	
2090	6	16	27.4	26.7	
2090	6	17	26.9	27.3	
2090	6	18	27.3	27.6	
2090	6	19	28.2	27.7	
2090	6	20	28.2	28	
2090	6	21	28	27.9	
2090	6	22	28.2	27.5	
2090	6	23	27	27.2	
2090	6	24	26.3	27	
2090	6	25	26.6	26.9	
2090	6	26	27.1	27.1	
2090	6	27	27.6	27.4	
2090	6	28	27.9	27.7	
2090	6	29	27.8	27.9	
2090	6	30	28.2	28	
2090	7	1	28.1	28	
2090	7	2	28	28.1	
2090	7	3	28.1	28.2	
2090	7	4	28.2	28.2	
2090	7	5	28.4	28.4	
2090	7	6	28.5	28.5	
2090	7	7	28.9	28.4	
2090	7	8	28.3	28.4	
2090	7	9	28	28.3	
2090	7	10	28.1	28.1	
2090	7	11	28	28.1	
2090	7	12	28.1	28.1	
2090	7	13	28.2	28.4	
2090	7	14	28.1	28.9	
2090	7	15	29.7	29.3	
2090	7	16	30.4	29.6	
2090	7	17	30.1	30	
2090	7	18	29.8	30.1	
2090	7	19	29.8	30.3	
2090	7	20	30.2	30.7	
2090	7	21	31.6	31	
2090	7	22	32.1	31.3	
2090	7	23	31.5	31.4	
2090	7	24	31	31.3	
2090	7	25	30.9	31	
2090	7	26	31	30.9	
2090	7	27	30.7	31	
2090	7	28	30.8	31.1	
2090	7	29	31.4	31.3	
2090	7	30	31.7	31.5	
2090	7	31	31.7	31.7	
2090	8	1	31.8	31.8	
2090	8	2	32.1	31.9	
2090	8	3	31.8	31.6	
2090	8	4	31.9	31.3	
2090	8	5	30.5	31	
2090	8	6	30.1	30.8	
2090	8	7	30.6	30.7	
2090	8	8	31.1	31	
2090	8	9	31.3	31.4	
2090	8	10	31.8	31.6	
2090	8	11	32.1	31.8	
2090	8	12	31.8	32	
2090	8	13	32	32.1	
2090	8	14	32.2	32.1	
2090	8	15	32.6	31.9	
2090	8	16	31.9	31.7	
2090	8	17	31	31.5	
2090	8	18	31	31.2	
2090	8	19	31.1	31	
2090	8	20	31.2	30.9	
2090	8	21	30.8	30.7	
2090	8	22	30.4	30.4	
2090	8	23	30	30.1	
2090	8	24	29.6	29.8	
2090	8	25	29.5	29.8	
2090	8	26	29.6	29.8	
2090	8	27	30.1	30	
2090	8	28	30.4	30	
2090	8	29	30.2	30	
2090	8	30	29.9	29.9	
2090	8	31	29.6	29.7	
2090	9	1	29.5	29.6	
2090	9	2	29.5	29.5	
2090	9	3	29.7	29.4	
2090	9	4	29.4	29.3	
2090	9	5	29	29.2	
2090	9	6	29.1	28.8	
2090	9	7	28.6	28.6	
2090	9	8	28.1	28.4	
2090	9	9	28.1	28	
2090	9	10	27.9	27.7	
2090	9	11	27.5	27.6	
2090	9	12	27.1	27.4	
2090	9	13	27.2	27.3	
2090	9	14	27.1	27.3	
2090	9	15	27.5	27.4	
2090	9	16	27.4	27.4	
2090	9	17	27.6	27.4	
2090	9	18	27.6	27.1	
2090	9	19	26.8	26.7	
2090	9	20	25.9	26.4	
2090	9	21	25.7	25.9	
2090	9	22	25.8	25.5	
2090	9	23	25.3	25.4	
2090	9	24	24.9	25.2	
2090	9	25	25.2	25.1	
2090	9	26	25	24.9	
2090	9	27	24.9	25	
2090	9	28	24.7	24.9	
2090	9	29	25	24.5	
2090	9	30	24.7	24.2	
2090	10	1	23.3	23.8	
2090	10	2	23.3	23.2	
2090	10	3	22.7	22.6	
2090	10	4	21.9	22.4	
2090	10	5	21.6	22.3	
2090	10	6	22.6	22.1	
2090	10	7	22.5	22.1	
2090	10	8	22	22.2	
2090	10	9	21.9	22	
2090	10	10	21.9	21.8	
2090	10	11	21.6	21.6	
2090	10	12	21.7	21.1	
2090	10	13	21.1	20.6	
2090	10	14	19.4	20.3	
2090	10	15	19.1	20	
2090	10	16	20.1	19.7	
2090	10	17	20.3	19.6	
2090	10	18	19.7	19.5	
2090	10	19	18.9	19	
2090	10	20	18.6	18.6	
2090	10	21	17.6	18.4	
2090	10	22	18.3	18.3	
2090	10	23	18.6	18.2	
2090	10	24	18.5	18.1	
2090	10	25	18.2	17.5	
2090	10	26	16.8	16.8	
2090	10	27	15.4	16.1	
2090	10	28	15.1	15.6	
2090	10	29	15	15.4	
2090	10	30	15.7	15.5	
2090	10	31	15.7	15.6	
2090	11	1	15.9	15.7	
2090	11	2	15.6	15.8	
2090	11	3	15.4	15.8	
2090	11	4	16.4	15.6	
2090	11	5	15.5	15.6	
2090	11	6	15	15.9	
2090	11	7	15.8	15.9	
2090	11	8	16.9	15.9	
2090	11	9	16.2	15.7	
2090	11	10	15.6	15.5	
2090	11	11	14.2	14.8	
2090	11	12	14.7	13.9	
2090	11	13	13.2	13.1	
2090	11	14	11.7	12.6	
2090	11	15	11.9	11.8	
2090	11	16	11.3	11.1	
2090	11	17	11	10.4	
2090	11	18	9.5	9.8	
2090	11	19	8.3	9.5	
2090	11	20	8.7	9.5	
2090	11	21	10.1	9.9	
2090	11	22	10.7	10.3	
2090	11	23	11.5	10.5	
2090	11	24	10.6	10.3	
2090	11	25	9.4	10.1	
2090	11	26	9.4	9.3	
2090	11	27	9.5	9.2	
2090	11	28	7.8	9.6	
2090	11	29	9.7	9.6	
2090	11	30	11.4	9.7	
2090	12	1	9.8	10	
2090	12	2	9.6	9.5	
2090	12	3	9.3	8.3	
2090	12	4	7.3	7.1	
2090	12	5	5.3	5.8	
2090	12	6	4	4.8	
2090	12	7	2.9	4.3	
2090	12	8	4.3	4.6	
2090	12	9	4.9	5	
2090	12	10	6.7	5.3	
2090	12	11	6.3	5.3	
2090	12	12	4.3	5	
2090	12	13	4.1	4.2	
2090	12	14	3.6	3.4	
2090	12	15	2.5	3.4	
2090	12	16	2.7	3.4	
2090	12	17	4.2	3.5	
2090	12	18	4.1	3.7	
2090	12	19	4.2	3.8	
2090	12	20	3.5	3.7	
2090	12	21	3.1	3.4	
2090	12	22	3.6	3.1	
2090	12	23	2.8	2.7	
2090	12	24	2.6	2.3	
2090	12	25	1.3	1.7	
2090	12	26	1.1	1.3	
2090	12	27	0.8	1	
2090	12	28	0.9	0.8	
2090	12	29	0.7	0.8	
2090	12	30	0.6	1.2	
2090	12	31	0.9	1.7	
2100	1	1	3	2.1	
2100	1	2	3.5	2.5	
2100	1	3	2.4	2.9	
2100	1	4	2.9	2.5	
2100	1	5	2.7	2.2	
2100	1	6	0.8	2.1	
2100	1	7	2.1	1.7	
2100	1	8	2.2	1.2	
2100	1	9	0.7	1.3	
2100	1	10	0.1	1.2	
2100	1	11	1.2	1.3	
2100	1	12	2	1.6	
2100	1	13	2.5	2.2	
2100	1	14	2.4	2.7	
2100	1	15	2.8	3.2	
2100	1	16	3.6	3.6	
2100	1	17	4.6	4	
2100	1	18	4.6	4.1	
2100	1	19	4.4	3.7	
2100	1	20	3.5	3.1	
2100	1	21	1.6	2.6	
2100	1	22	1.4	2.3	
2100	1	23	2.1	2	
2100	1	24	2.8	2	
2100	1	25	2.2	2.2	
2100	1	26	1.4	2.5	
2100	1	27	2.3	2.7	
2100	1	28	3.9	2.9	
2100	1	29	3.5	3.2	
2100	1	30	3.3	3.2	
2100	1	31	2.8	2.9	
2100	2	1	2.3	2.5	
2100	2	2	2.5	2.1	
2100	2	3	1.8	1.6	
2100	2	4	1.1	1.5	
2100	2	5	0.1	1.4	
2100	2	6	1.8	1.7	
2100	2	7	2	2.3	
2100	2	8	3.4	3.1	
2100	2	9	4.2	3.8	
2100	2	10	4	4.5	
2100	2	11	5.4	4.9	
2100	2	12	5.7	4.9	
2100	2	13	5.1	5	
2100	2	14	4.4	4.8	
2100	2	15	4.2	4.5	
2100	2	16	4.6	4.6	
2100	2	17	4.4	4.8	
2100	2	18	5.4	5.1	
2100	2	19	5.4	5.5	
2100	2	20	5.9	6	
2100	2	21	6.4	6.2	
2100	2	22	6.7	6.4	
2100	2	23	6.8	6.4	
2100	2	24	6.2	6.5	
2100	2	25	6.1	6.7	
2100	2	26	6.7	7.3	
2100	2	27	7.7	8.3	
2100	2	28	9.7	9.1	
2100	3	1	11.3	9.6	
2100	3	2	10.3	9.8	
2100	3	3	9.1	9.5	
2100	3	4	8.8	8.8	
2100	3	5	7.8	8.3	
2100	3	6	7.8	7.9	
2100	3	7	7.9	7.7	
2100	3	8	7.1	7.9	
2100	3	9	7.9	8.2	
2100	3	10	8.9	8.5	
2100	3	11	9.1	9	
2100	3	12	9.3	9.4	
2100	3	13	9.8	9.8	
2100	3	14	10	10.4	
2100	3	15	10.9	11.1	
2100	3	16	12.2	11.8	
2100	3	17	12.8	12.3	
2100	3	18	13.1	12.8	
2100	3	19	12.4	12.8	
2100	3	20	13.6	12.7	
2100	3	21	12	12.4	
2100	3	22	12.6	12.3	
2100	3	23	11.6	11.7	
2100	3	24	11.9	11.2	
2100	3	25	10.6	10.7	
2100	3	26	9.5	10.3	
2100	3	27	9.9	10.2	
2100	3	28	9.8	10.5	
2100	3	29	11.1	11.1	
2100	3	30	12.3	11.7	
2100	3	31	12.5	12.4	
2100	4	1	12.6	13	
2100	4	2	13.3	13.5	
2100	4	3	14.5	13.9	
2100	4	4	14.5	14.6	
2100	4	5	14.8	15	
2100	4	6	15.7	15.4	
2100	4	7	15.3	15.8	
2100	4	8	16.8	16.2	
2100	4	9	16.4	16.3	
2100	4	10	16.8	16.1	
2100	4	11	16.2	15.8	
2100	4	12	14.4	15.5	
2100	4	13	15.4	15.2	
2100	4	14	14.8	15.2	
2100	4	15	15.3	15.8	
2100	4	16	16.2	16.2	
2100	4	17	17.2	17	
2100	4	18	17.7	17.7	
2100	4	19	18.6	18	
2100	4	20	18.6	17.9	
2100	4	21	17.7	17.6	
2100	4	22	16.7	17.3	
2100	4	23	16.5	16.7	
2100	4	24	16.9	16.3	
2100	4	25	15.8	16.2	
2100	4	26	15.5	16.6	
2100	4	27	16.5	17.1	
2100	4	28	18.3	18	
2100	4	29	19.2	19.4	
2100	4	30	20.6	20.5	
2100	5	1	22.3	21.4	
2100	5	2	22.3	21.8	
2100	5	3	22.7	21.9	
2100	5	4	21.2	21.6	
2100	5	5	21	21.4	
2100	5	6	21	21	
2100	5	7	21.1	20.8	
2100	5	8	20.5	20.6	
2100	5	9	20.3	20.5	
2100	5	10	20.2	20.1	
2100	5	11	20.3	20.1	
2100	5	12	19.2	20	
2100	5	13	20.3	20.1	
2100	5	14	20.2	20.5	
2100	5	15	20.6	21	
2100	5	16	22.1	21.3	
2100	5	17	21.7	21.6	
2100	5	18	22	22	
2100	5	19	21.8	22	
2100	5	20	22.4	22.2	
2100	5	21	22.3	22.5	
2100	5	22	22.7	22.9	
2100	5	23	23.5	23.3	
2100	5	24	23.5	23.9	
2100	5	25	24.4	24.4	
2100	5	26	25.2	24.8	
2100	5	27	25.2	25.5	
2100	5	28	25.8	25.9	
2100	5	29	26.9	26.3	
2100	5	30	26.6	26.6	
2100	5	31	26.9	27	
2100	6	1	27	27.1	
2100	6	2	27.7	26.9	
2100	6	3	27.2	26.6	
2100	6	4	25.7	26.6	
2100	6	5	25.4	26.5	
2100	6	6	27.2	26.7	
2100	6	7	27.2	27.1	
2100	6	8	27.9	27.6	
2100	6	9	27.8	27.5	
2100	6	10	27.7	27.5	
2100	6	11	27.1	27.4	
2100	6	12	27.2	27.2	
2100	6	13	27	27.4	
2100	6	14	27.2	27.6	
2100	6	15	28.4	28	
2100	6	16	28.3	28.5	
2100	6	17	29.2	28.7	
2100	6	18	29.6	28.6	
2100	6	19	28.1	28.5	
2100	6	20	27.6	28.4	
2100	6	21	27.9	28.3	
2100	6	22	28.6	28.5	
2100	6	23	29.1	28.6	
2100	6	24	29.1	28.7	
2100	6	25	28.2	28.9	
2100	6	26	28.5	29	
2100	6	27	29.8	29.2	
2100	6	28	29.5	29.6	
2100	6	29	30.1	29.7	
2100	6	30	29.9	29.6	
2100	7	1	29.2	29.5	
2100	7	2	29.5	29.1	
2100	7	3	28.8	28.9	
2100	7	4	28.2	28.8	
2100	7	5	28.6	28.9	
2100	7	6	29.1	29	
2100	7	7	29.6	29.1	
2100	7	8	29.4	29.1	
2100	7	9	28.7	28.9	
2100	7	10	28.8	28.6	
2100	7	11	28.2	28.4	
2100	7	12	27.9	28.3	
2100	7	13	28.3	28.4	
2100	7	14	28.4	28.8	
2100	7	15	29.3	29.2	
2100	7	16	29.9	29.7	
2100	7	17	30.1	30.4	
2100	7	18	31	30.9	
2100	7	19	31.5	31.2	
2100	7	20	32.1	31.4	
2100	7	21	31.4	31.4	
2100	7	22	30.8	31.2	
2100	7	23	31	30.9	
2100	7	24	30.8	30.7	
2100	7	25	30.3	30.8	
2100	7	26	30.8	30.8	
2100	7	27	31.3	30.9	
2100	7	28	30.9	31	
2100	7	29	31.1	31	
2100	7	30	30.8	30.9	
2100	7	31	30.8	30.9	
2100	8	1	30.8	31	
2100	8	2	31.1	31.3	
2100	8	3	31.7	31.6	
2100	8	4	32	31.9	
2100	8	5	32.2	32	
2100	8	6	32.4	32.1	
2100	8	7	31.9	32	
2100	8	8	32.2	32	
2100	8	9	31.3	32.1	
2100	8	10	32.1	32.4	
2100	8	11	33	32.6	
2100	8	12	33.3	32.9	
2100	8	13	33.3	32.9	
2100	8	14	32.7	32.7	
2100	8	15	32.1	32.5	
2100	8	16	32	32.2	
2100	8	17	32.3	32	
2100	8	18	32.1	31.8	
2100	8	19	31.6	31.5	
2100	8	20	30.9	31.1	
2100	8	21	30.6	30.7	
2100	8	22	30.2	30.3	
2100	8	23	30.1	30.1	
2100	8	24	29.8	30.1	
2100	8	25	29.7	30.2	
2100	8	26	30.5	30.4	
2100	8	27	31.1	30.5	
2100	8	28	30.7	30.7	
2100	8	29	30.5	30.8	
2100	8	30	30.9	30.9	
2100	8	31	31	31	
2100	9	1	31.3	31.1	
2100	9	2	31.2	31.1	
2100	9	3	31.3	30.9	
2100	9	4	30.5	30.5	
2100	9	5	30.4	30	
2100	9	6	29.2	29.3	
2100	9	7	28.5	28.8	
2100	9	8	28	28.2	
2100	9	9	27.8	27.9	
2100	9	10	27.4	27.6	
2100	9	11	27.7	27.4	
2100	9	12	27.2	27.4	
2100	9	13	27.1	27.5	
2100	9	14	27.6	27.3	
2100	9	15	27.9	27.2	
2100	9	16	26.8	27	
2100	9	17	26.7	26.8	
2100	9	18	26.2	26.2	
2100	9	19	26.3	25.9	
2100	9	20	25.1	25.6	
2100	9	21	25	25.4	
2100	9	22	25.6	25.1	
2100	9	23	24.8	25.1	
2100	9	24	24.9	25	
2100	9	25	25.4	24.7	
2100	9	26	24.4	24.4	
2100	9	27	23.8	24.2	
2100	9	28	23.7	23.8	
2100	9	29	23.9	23.5	
2100	9	30	23.4	23.2	
2100	10	1	22.8	22.7	
2100	10	2	22	22.3	
2100	10	3	21.5	21.9	
2100	10	4	21.7	21.8	
2100	10	5	21.6	21.7	
2100	10	6	22	21.7	
2100	10	7	21.9	21.7	
2100	10	8	21.4	21.6	
2100	10	9	21.8	21.1	
2100	10	10	21	20.5	
2100	10	11	19.6	20	
2100	10	12	18.8	19.5	
2100	10	13	19	19.2	
2100	10	14	19	19.3	
2100	10	15	19.4	19.7	
2100	10	16	20.1	20.2	
2100	10	17	21.1	20.9	
2100	10	18	21.6	21.2	
2100	10	19	22.1	21.3	
2100	10	20	21.2	20.8	
2100	10	21	20.4	20.3	
2100	10	22	18.8	19.7	
2100	10	23	19.1	18.9	
2100	10	24	19	18.4	
2100	10	25	17.4	18.1	
2100	10	26	17.7	17.8	
2100	10	27	17.2	17.5	
2100	10	28	17.5	17.3	
2100	10	29	17.5	16.8	
2100	10	30	16.5	16.2	
2100	10	31	15.3	15.4	
2100	11	1	14.4	14.8	
2100	11	2	13.4	14.5	
2100	11	3	14.5	14.7	
2100	11	4	15	15	
2100	11	5	16.4	15	
2100	11	6	15.5	14.7	
2100	11	7	13.7	14.7	
2100	11	8	12.9	14.4	
2100	11	9	15	14	
2100	11	10	14.7	13.7	
2100	11	11	13.6	13.3	
2100	11	12	12.2	12.6	
2100	11	13	11	12	
2100	11	14	11.4	11.2	
2100	11	15	11.9	10.6	
2100	11	16	9.4	10.2	
2100	11	17	9.1	9.8	
2100	11	18	9.3	9.5	
2100	11	19	9.2	9.7	
2100	11	20	10.4	9.7	
2100	11	21	10.3	9.9	
2100	11	22	9.2	10.1	
2100	11	23	10.2	10	
2100	11	24	10.5	10.1	
2100	11	25	9.9	10.1	
2100	11	26	10.6	9.6	
2100	11	27	9.2	9	
2100	11	28	7.7	8.5	
2100	11	29	7.7	7.8	
2100	11	30	7.4	7.3	
2100	12	1	6.8	7.3	
2100	12	2	6.8	7.2	
2100	12	3	7.7	7	
2100	12	4	7.3	6.8	
2100	12	5	6.3	6.4	
2100	12	6	5.9	6	
2100	12	7	4.7	5.8	
2100	12	8	5.8	5.6	
2100	12	9	6.1	5.6	
2100	12	10	5.7	5.6	
2100	12	11	5.5	5.2	
2100	12	12	4.8	4.3	
2100	12	13	4	3.4	
2100	12	14	1.3	2.7	
2100	12	15	1.3	2.2	
2100	12	16	1.9	1.8	
2100	12	17	2.7	2	
2100	12	18	1.9	2.4	
2100	12	19	2.3	2.8	
2100	12	20	3.4	3.1	
2100	12	21	3.6	3.5	
2100	12	22	4.4	3.7	
2100	12	23	4	3.6	
2100	12	24	3.3	3.4	
2100	12	25	2.7	2.9	
2100	12	26	2.7	2.3	
2100	12	27	1.8	1.7	
2100	12	28	1.1	1.5	
2100	12	29	0.4	1.4	
2100	12	30	1.5	0	
2100	12	31	2	0	
